-0.130452776688005,-0.13571677176219119,-0.12505957800531822,-0.14670489377464377,1.1216214783961664,1.1599905139090279,-0.045014569431512295,-0.023563493827543504,-0.08457206551757684,0.007992616772309155,1.0
-0.130452776688005,-0.7285094088856475,-0.2372491872956735,-0.4235694521872514,0.03576884945686557,0.04071229788489126,-0.04660709419103939,-0.2739144137680256,-0.373728834795295,-0.601715820324506,1.0
-0.07770691034540371,3.621542442946775,0.6901711674446349,1.3796657029045567,-1.010700523510544,-0.9320635338428929,-0.0709292905183623,0.3897517041874034,1.1193619095082166,3.2717260153493783,1.0
-0.07770691034540371,-0.5977463271672381,-0.2081706304759307,-0.37200749972052694,-0.29054955716738035,-0.0413290373210665,-0.05225331833845364,-0.24084919792682988,-0.3157911733039875,-0.5000977474750368,1.0
-0.2359445093732076,0.3524653999865376,-0.0862881689123278,0.2577453676146914,-0.6506250403389621,-1.5063528802845965,-0.06036071711422795,-0.13299361292102468,-0.17493355591686377,-0.06373778759202203,1.0
-0.28869037571580886,0.2304198570493554,-0.12753434879848782,0.3076787050319299,0.04139502888142154,-0.0061684650899417465,-0.05847864239842319,-0.11646100500042682,-0.15207741422763238,-0.03982765280391164,1.0
-0.07770691034540371,3.5082144387908203,0.6660421522112313,1.3326313002754033,-0.8981769350194246,-0.023748751205504123,-0.07078451554022348,0.439349527949197,1.443600198588011,3.5287599643215652,1.0
0.7134810847936157,0.3088777060804011,0.37154442782404856,-0.2783621343750861,3.073905738717087,1.019348224984529,0.21818634082487498,1.8737500818220223,1.1353080548727967,0.13352082440988874,1.0
-0.2359445093732076,-0.7459444864481022,-0.24219872888201271,-0.426272953169398,1.6786132414272075,1.259612135230548,0.02578039487837405,-0.2754889478557016,-0.3811703692987657,-0.6256259551126163,1.0
-0.1831986430306063,-0.684921714979511,-0.23126849121218032,-0.39682759307469245,-0.0261191242132501,0.8025246962259269,-0.06108459200492208,-0.2660417433296457,-0.35618807489425697,-0.5538955507482852,1.0
-0.2359445093732076,-0.6674866374170565,-0.2310622603127495,-0.3774145016848202,0.018890311183197662,1.1834308953964443,-0.06528306637094806,-0.2652544762858077,-0.35299884582134095,-0.5359629496572024,1.0
-0.3941821084010115,-0.7546620252293295,-0.24529219237347472,-0.41542637693982176,2.9276250736786316,0.6091415489547407,0.02578039487837405,-0.2817870842064056,-0.38967498015987506,-0.631603488809644,1.0
-0.2359445093732076,0.0560690814248094,-0.12835927239621103,0.07315813790595639,-0.33555899256382815,-0.8265818171495186,-0.054714492966813695,-0.14795168675394657,-0.1967266212484565,-0.20122106262365683,1.0
-0.024961044002802413,-0.4757007842300559,-0.17496745566757188,-0.3339956244655254,-0.17802596867626097,-0.4339554272352929,-0.05210854336031481,-0.19518770938422622,-0.2615742790644153,-0.3685920061404296,1.0
-0.1831986430306063,-0.13571677176219119,-0.14032066456319744,-0.10367688416722558,-1.173859726822667,0.26339592201534734,-0.07382479008113885,-0.22274205591855603,-0.16536586869811573,-0.19524352892662922,1.0
-0.07770691034540371,-0.3710903188553283,-0.15991260000912347,-0.27790612216123006,-0.037371483062362036,0.7029030749044067,-0.060939817026783256,-0.16763336284989644,-0.19034816310262448,-0.18328846153257403,1.0
-0.024961044002802413,-0.5454410944798743,-0.19146592762203588,-0.3600534652573002,-0.38619460738483186,-0.8265818171495186,-0.06137414196119974,-0.224316590006232,-0.30143964247586547,-0.39250214092853997,1.0
-0.1831986430306063,-0.5192884781361924,-0.2038397815878839,-0.3083937958876066,-0.172399789251705,-0.1350905632707325,-0.06774424099930812,-0.23218926044461194,-0.30888117697933615,-0.362614472443402,1.0
-0.2359445093732076,-0.5890287883860108,-0.2199257917434863,-0.3285560502002424,-0.9656910881140961,1.259612135230548,-0.048199618950566486,-0.2676162774173217,-0.3237642459862775,-0.5837832192334231,1.0
-0.07770691034540371,1.843164531576406,0.31153123608968575,0.6413493563706066,-1.0725884971806596,-0.533577048556813,-0.07121884047463996,0.09137749457280364,0.6058960287687392,1.5800839790905679,1.0
-0.2359445093732076,0.0909392365497186,-0.12340973080987183,0.09488386266609872,-0.1498950715534811,0.21651515904051435,-0.06528306637094806,-0.12669547657032074,-0.13187896343249764,0.07972302113664034,1.0
0.9244645501640208,1.6688137559518599,1.3754764462531839,-0.12110306519672501,-0.2849233777428244,-1.3715706867319517,-0.02170579795116117,1.6816569231255518,1.9124168723066641,2.530511836917956,1.0
-0.1831986430306063,-0.684921714979511,-0.23126849121218032,-0.39682759307469245,-0.0992594567324777,-0.3401939012856269,-0.06832334091186343,-0.26682901037348367,-0.36416114757654694,-0.5299854159601748,1.0
0.02778482233979888,1.3113946659215407,0.29730130402896054,0.2626637850641389,-0.5549799901215107,-0.8851827708680599,-0.06036071711422795,0.27402344874321827,0.4958676257531368,1.442600704058933,1.0
-0.07770691034540371,-0.5890287883860108,-0.2063145523810535,-0.3683919743106681,-0.5662323489706226,-1.1078663949985166,-0.04211906986873576,-0.24636006723369583,-0.3312057804897482,-0.54194048335423,1.0
-0.130452776688005,-0.41467801276146476,-0.17785468825960307,-0.27699409773351796,0.3058254618355518,1.1365501324216114,-0.055727917813785485,-0.17629330033211438,-0.21905122475886857,-0.2789290006850156,1.0
-0.2359445093732076,0.0909392365497186,-0.12340973080987183,0.09488386266609872,-0.13301653327981353,0.05829258400045363,-0.06571739130536454,-0.12512094248264474,-0.140383574293607,0.09765562222772314,1.0
-0.024961044002802413,3.5692372102594114,0.781943917691341,1.177359141457415,-1.2470000593418944,-0.9027630569836222,-0.07165316540905643,0.2889815225761402,1.2804179776904752,2.799500853284198,1.0
-0.07770691034540371,-0.7285094088856475,-0.2360118018990887,-0.426272953169398,1.6786132414272075,-0.15267084938629488,0.17055537301720095,-0.2597436069789417,-0.37213422025883697,-0.6256259551126163,1.0
-0.024961044002802413,-0.6151814047296926,-0.2079643995764999,-0.38611130604907506,-0.20615686579904083,-0.5277169531849589,-0.03632807074318268,-0.23848739679531591,-0.3237642459862775,-0.5359629496572024,1.0
-0.130452776688005,-0.5367235556986469,-0.2009525489958527,-0.3339956244655254,0.23831130874088016,1.2361717537431316,-0.062242791830032694,-0.21565665252401406,-0.27539427171371805,-0.3506594050493468,1.0
-0.024961044002802413,-0.5192884781361924,-0.18527900063911187,-0.35028177496038465,-0.38619460738483186,-0.32261361517006454,-0.0590577423109785,-0.21723118661169005,-0.2775204244289954,-0.3865246072315124,1.0
-0.130452776688005,-0.711074331323193,-0.2339494929047807,-0.41542637693982176,0.1257877202497611,1.259612135230548,-0.05384584309798073,-0.26840354446115966,-0.3599088421459923,-0.5778056855363956,1.0
-0.2359445093732076,1.5118980578897685,0.07828408883345074,0.9797429913527925,-1.3764021861066815,-0.7328202911998526,-0.07396956505927767,-0.13378087996486268,0.15940395856049785,0.4204424418672135,1.0
-0.130452776688005,-0.5803112496047835,-0.2092017849730847,-0.35435331258409947,-0.08800709788336576,0.23995554052793086,-0.06238756680817152,-0.23691286270763992,-0.3131334824098908,-0.4343448768077332,1.0
-0.3941821084010115,-0.7459444864481022,-0.24467349967518232,-0.40457980071024546,2.612559025903497,0.7732242193666563,0.054735390506139424,-0.2802125501187296,-0.388080365623417,-0.631603488809644,1.0
-0.07770691034540371,0.08222169776849131,-0.06339653907550898,-0.08970336704263632,0.5364988182423466,0.9197266036630087,-0.05355629314170308,0.03705606854798204,0.05203324643899221,0.34273450380585474,1.0
-0.1831986430306063,-0.4757007842300559,-0.19662170010780589,-0.2851371729809476,-0.5606061695460666,0.9021463175474463,-0.0709292905183623,-0.23612559566380192,-0.2716735044619827,-0.3387043376552916,1.0
-0.07770691034540371,-0.4582657066676013,-0.17847338095789547,-0.3140939485608074,0.4746108445722309,1.0486487018437995,-0.050950343535204196,-0.1692078969375724,-0.22330353018942323,-0.302839135473126,1.0
-0.130452776688005,-0.3710903188553283,-0.16960545228237106,-0.25663640961494383,-0.16114743040259305,-0.18783142161741964,-0.06108459200492208,-0.18731503894584628,-0.24350198098455797,-0.2550188658969052,1.0
-0.3941821084010115,-0.7546620252293295,-0.24529219237347472,-0.41542637693982176,2.9276250736786316,0.6091415489547407,0.02578039487837405,-0.2817870842064056,-0.38967498015987506,-0.631603488809644,1.0
0.7134810847936157,2.1482783889193615,1.4158977025416206,0.008013535926519313,2.978260688499635,1.0134881296126748,0.14029740258618612,5.410153642742292,3.714331298504209,2.082196809640886,1.0
-0.130452776688005,-0.5192884781361924,-0.19765285460495988,-0.32585254921809576,-0.0823809184588098,-0.205411707732982,-0.060795042048644415,-0.22116752183088004,-0.29825041340294944,-0.3865246072315124,1.0
0.02778482233979888,-0.5280060169174197,-0.18136061354992666,-0.36213809252064216,0.22143277046721227,-0.11751027715517012,-0.04515934440965112,-0.18574050485817029,-0.264231969958512,-0.3865246072315124,1.0
-0.07770691034540371,-0.5018534005737377,-0.18775377143228147,-0.3321715756101012,-0.4312040427812796,0.23995554052793086,-0.06788901597744694,-0.22195478887471803,-0.267421199031428,-0.3088166691701536,1.0
-0.1831986430306063,-0.275197392261828,-0.16341852529944706,-0.17810459192873246,-0.8812983967457567,0.33371706647759686,-0.057320442573312584,-0.22038025478704204,-0.2121412284342172,-0.41043474201962277,1.0
0.08053068868240018,2.7933762587301816,0.7675077547311849,0.6648991299861732,-0.25116630119548855,-0.4632559040945635,-0.054280168032397214,0.967605714364491,1.4526363476279396,3.21792821207613,1.0
-0.024961044002802413,0.08222169776849131,-0.04297968003185976,-0.1255328981313267,-0.5887370666688465,-0.064769418808483,-0.062242791830032694,-0.08260852211539306,0.013230959385180764,0.17536356028908193,1.0
0.02778482233979888,0.0037638487374456056,-0.04297968003185976,-0.18149211123166314,0.5702558947896821,-0.392934759632314,-0.023443097688827096,0.07799395482755773,-0.01600364044988265,-0.03385011910688404,1.0
-0.07770691034540371,3.647695059290457,0.6957394017292665,1.3905122791341331,-1.3538974684084577,-1.4946326895408883,-0.07165316540905643,0.17404053417579302,0.8950527980464573,2.118062011823052,1.0
-0.07770691034540371,-0.3536552412928737,-0.15620044381936907,-0.27067507134151253,-0.6843821168862979,-0.37535447351675166,-0.0681785659337246,-0.20227311277876817,-0.22489814472588124,-0.2071985963206844,1.0
-0.07770691034540371,1.8257294540139515,0.30781907989993135,0.6341183055508891,-0.8025318848019731,-0.46911599946641763,-0.06716514108675281,0.1897858750525529,0.6138691014510292,1.6637694508489542,1.0
0.08053068868240018,0.2391373958305827,0.04239991233249151,-0.1304187432797845,-0.7744009876791933,-0.4280953318634388,-0.06571739130536454,-0.03301069835359943,0.13761089322890513,0.5160829810196551,1.0
-0.130452776688005,-0.5105709393549651,-0.19600300740951349,-0.32178101159438094,0.013264131758641691,-0.017888655833649996,-0.06108459200492208,-0.21565665252401406,-0.29080887889947876,-0.362614472443402,1.0
-0.130452776688005,-0.7285094088856475,-0.2372491872956735,-0.4235694521872514,1.2060141697645061,0.16377430069382723,0.011302897064491361,-0.2660417433296457,-0.37319729661647566,-0.6136708877185612,1.0
-0.2359445093732076,-0.5367235556986469,-0.2125014793639775,-0.29598374921052384,0.0020117729095297516,-0.029608846577358246,-0.06441441650211509,-0.23927466383915388,-0.32429578416509686,-0.42836734311070557,1.0
-0.130452776688005,-0.7285094088856475,-0.2372491872956735,-0.4235694521872514,0.7390412775263612,0.4040382109398464,-0.04660709419103939,-0.2691908115049977,-0.37213422025883697,-0.5897607529304507,1.0
-0.1831986430306063,-0.6413340210733746,-0.2240504097321023,-0.37353839786704374,-0.66750357861263,-1.5122129756564506,-0.06108459200492208,-0.2660417433296457,-0.36256653304008896,-0.5538955507482852,1.0
-0.28869037571580886,-0.449548167886374,-0.2079643995764999,-0.20044919040767936,-0.29617573659193636,-0.5277169531849589,-0.0600711671579503,-0.24084919792682988,-0.3237642459862775,-0.46423254529287117,1.0
-0.130452776688005,0.5616863307359928,0.006928197630393881,0.17901811612254165,0.31145164126010777,0.4977997368895124,-0.05022646864451006,0.12286817632632341,0.17588164210389723,0.4981503799285723,1.0
-0.1831986430306063,1.3026771271403135,0.09787602427937675,0.6641173947624199,-1.173859726822667,-1.811077839621011,-0.0681785659337246,-0.07709765280852711,0.029708642928580144,0.4204424418672135,1.0
-0.07770691034540371,-0.04854138394991819,-0.091237710498667,-0.14400139279249713,-0.66750357861263,0.9959078434971124,-0.06354576663328214,-0.13929174927172863,-0.010156720482869967,-0.02189505171282884,1.0
-0.28869037571580886,-0.6326164822921473,-0.2296186440167339,-0.3372528545644972,0.24393748816543614,0.9138665082911546,-0.06470396645839276,-0.26053087402277975,-0.3514042312848829,-0.5180303485661196,1.0
-0.2359445093732076,0.0037638487374456056,-0.13578358477571983,0.04058583691623786,-0.39744696623394377,-0.0882098002958995,-0.06759946602116929,-0.16133522649919246,-0.17280740320158644,-0.01591751801580124,1.0
0.08053068868240018,-0.4233955515426921,-0.14568266794839824,-0.33669912544767205,-0.4480825810549475,-0.26401266145152325,-0.06021594213608912,-0.17629330033211438,-0.20044738850019184,-0.2251311974117672,1.0
0.13327655502500146,3.560519671478184,1.0879905724466483,0.7997810283845976,-0.49309201645139494,-0.5687376207879378,-0.05703089261703493,1.1447407992280398,1.9730122246920683,4.13846840141838,1.0
-0.28869037571580886,-0.7372269476668749,-0.24199249798258193,-0.41542637693982176,0.17642333507076483,-1.3188298283852644,-0.017652098563274016,-0.2802125501187296,-0.38648575108695904,-0.6256259551126163,1.0
0.34426002039540665,0.073504158987264,0.09643240798336115,-0.2602193627238129,3.15267225066087,1.259612135230548,0.12538557983788695,0.9306041633041053,0.4916153203225821,-0.01591751801580124,1.0
-0.1831986430306063,1.5031805191085412,0.13107919908773558,0.7711499758146351,-1.2188691622191146,-0.5921780022753537,-0.07150839043091761,-0.06843771532630917,0.27262159064901614,0.6655213234453451,1.0
0.6079893521084131,-0.1618693881058731,0.07498439444255793,-0.3428878626357185,0.6659009450071336,0.28683630350276385,0.056617465221944184,0.310237732759766,0.2981354232323442,-0.1892659952296016,1.0
-0.07770691034540371,-0.5977463271672381,-0.2081706304759307,-0.37200749972052694,-0.43683022220583556,-0.1350905632707325,-0.06730991606489163,-0.24478553314601986,-0.3173857878404455,-0.42836734311070557,1.0
-0.130452776688005,-0.5280060169174197,-0.1993027018004063,-0.32992408684181057,0.18204951449532078,0.5798410720954701,-0.05558314283564666,-0.2148693854801761,-0.28496195893246606,-0.4044572083225952,1.0
-0.1831986430306063,-0.5803112496047835,-0.2139450956599931,-0.34096609687732515,-0.5381014518478427,0.3161367803620345,-0.0687576658462799,-0.2534454706282378,-0.3221696314498195,-0.4582550115958436,1.0
-0.2359445093732076,-0.3536552412928737,-0.18651638603569667,-0.18198069574650896,-0.2736710188937125,-1.5122129756564506,-0.04747574405987235,-0.2140821184363381,-0.3115388678734328,-0.44629994420178837,1.0
-0.2359445093732076,0.7970598778291299,-0.023181513686502946,0.534609926027299,-0.39744696623394377,-0.5921780022753537,-0.0655726163272257,-0.03301069835359943,0.0010055812723360636,0.5101054473226275,1.0
-0.07770691034540371,-0.057258922731145495,-0.0930937885935442,-0.1476169182023559,-0.20053068637448485,-0.252292470707815,-0.04762051903801118,-0.092055726641449,-0.09945513452451822,-0.12949065825932563,1.0
-0.1831986430306063,-0.6674866374170565,-0.2283812586201491,-0.38751191499163296,0.2158065910426563,1.1306900370497572,-0.06455919148025392,-0.25895633993510375,-0.3466203876755089,-0.5120528148690919,1.0
-0.024961044002802413,3.6738476756341387,0.806691625623037,1.2164459026450771,-1.4270378009276854,-2.1744037526759663,-0.06788901597744694,0.174827801219631,0.7297444244336442,1.6637694508489542,1.0
0.08053068868240018,-0.6936392537607384,-0.2224005625366559,-0.4208659512051047,0.41272287090211524,0.04071229788489126,-0.013308849219109211,-0.24636006723369583,-0.34343115860259293,-0.5778056855363956,1.0
-0.1831986430306063,0.2129847794869008,-0.0825760127225734,0.08247381598901594,-0.6506250403389621,-0.25815256607966913,-0.06441441650211509,-0.12905727770183473,-0.07978822190820282,0.04385781895447475,1.0
-0.1831986430306063,-0.4757007842300559,-0.19662170010780589,-0.2851371729809476,0.6377700478843538,0.32785697110574274,-0.0493578187756771,-0.19518770938422622,-0.2844304207536467,-0.3865246072315124,1.0
-0.1831986430306063,-0.6936392537607384,-0.2327121075081959,-0.4014528598152325,-0.38619460738483186,-0.24643237533596088,-0.03936834528409804,-0.27155261263651165,-0.3662873002918243,-0.601715820324506,1.0
-0.07770691034540371,-0.5803112496047835,-0.2044584742861763,-0.3647438765998197,-0.38619460738483186,1.259612135230548,-0.0681785659337246,-0.23927466383915388,-0.2838988825748274,-0.39250214092853997,1.0
0.08053068868240018,-0.5454410944798743,-0.18032945905277267,-0.37471100070267355,-0.2849233777428244,0.6618824073014279,-0.05181899340403716,-0.20699671504179615,-0.23924967555400328,-0.4044572083225952,1.0
-0.07770691034540371,-0.6674866374170565,-0.2230192552349483,-0.4009642753003867,-0.0036144065150262184,1.259612135230548,-0.05109511851334302,-0.25423273767207577,-0.33173731866856754,-0.54194048335423,1.0
-0.130452776688005,0.1170918528934005,-0.07721400933737259,-0.028630302686914046,-1.2751309564646742,-0.9672241060740177,-0.0731009151904447,-0.19597497642806422,-0.12231127621374961,-0.03982765280391164,1.0
-0.2359445093732076,-0.6587690986358292,-0.2298248749161647,-0.37200749972052694,-0.26804483946915647,0.5622607859799078,-0.06398009156769861,-0.26682901037348367,-0.35459346035779893,-0.5479180170512575,1.0
-0.130452776688005,-0.7546620252293295,-0.24219872888201271,-0.43578406505839584,0.7390412775263612,-0.6917996235968737,-0.04660709419103939,-0.2786380160310536,-0.38542267472932035,-0.6136708877185612,1.0
0.02778482233979888,0.0909392365497186,-0.02029428109447174,-0.15188388963200902,-0.5606061695460666,-0.11751027715517012,-0.06253234178631036,-0.05505417558106327,0.05362786097545021,0.2949142342296339,1.0
-0.130452776688005,-0.6762041761982838,-0.2273501041229951,-0.3991402264449625,0.4464799474494511,0.6501622165577197,-0.06036071711422795,-0.25423273767207577,-0.34821500221196694,-0.5120528148690919,1.0
-0.1831986430306063,-0.6762041761982838,-0.2298248749161647,-0.3921697540331627,-0.8025318848019731,-1.0434053459081212,-0.05558314283564666,-0.27312714672418764,-0.3668188384706436,-0.5897607529304507,1.0
-0.024961044002802413,0.8319300329540391,0.1343788934786284,0.15458889038025275,-0.048623841911473974,-0.5687376207879378,-0.0493578187756771,0.23623463063899455,0.2821892778677642,0.7790944636888696,1.0
0.08053068868240018,1.5903559069208142,0.4259893852737799,0.29031766860441,-0.22303540407270872,-0.205411707732982,-0.05037124362264889,0.5582268515687342,0.9072781761593021,1.711589720425175,1.0
-0.1831986430306063,-0.6674866374170565,-0.2283812586201491,-0.38751191499163296,-0.8981769350194246,0.35715744796501336,-0.05080556855706537,-0.27312714672418764,-0.35299884582134095,-0.5957382866274784,1.0
-0.130452776688005,-0.43211309032391937,-0.18115438265049588,-0.2851371729809476,-0.8756722173212007,-0.7386803865717068,-0.07208749034347292,-0.23455106157612593,-0.28177272985955004,-0.3088166691701536,1.0
-0.130452776688005,2.1831485440442706,0.3137997759834245,0.9363241141334977,-1.0444576000578798,-0.28745304293893975,-0.06962631571511287,0.10476103431804953,0.6702121484058787,1.4844434399381263,1.0
-0.1831986430306063,-0.6064638659484654,-0.2182759445480399,-0.35493961400191437,0.5364988182423466,0.6736025980451361,-0.05080556855706537,-0.23691286270763992,-0.32695347505919353,-0.4941202137780092,1.0
-0.130452776688005,-0.6587690986358292,-0.2240504097321023,-0.3909971511975328,-0.5155967341496188,-0.8324419125213728,-0.049213043797538276,-0.26367994219813173,-0.3556565367154376,-0.571828151839368,1.0
-0.130452776688005,-0.684921714979511,-0.2289999513184415,-0.4032117640686773,-0.2849233777428244,1.259612135230548,-0.0697710906932517,-0.2660417433296457,-0.34715192585432825,-0.5180303485661196,1.0
-0.07770691034540371,3.883068606383594,0.7458535102909509,1.4882291821032887,-1.5789446453906966,-2.736972908373962,-0.07020541562766817,0.046503273074037975,0.41932612800315255,1.2154544235718843,1.0
-0.2359445093732076,-0.7459444864481022,-0.24219872888201271,-0.426272953169398,0.7390412775263612,-0.205411707732982,-0.0031746007493913264,-0.2786380160310536,-0.3843595983716817,-0.6256259551126163,1.0
-0.07770691034540371,0.5616863307359928,0.038687756142737104,0.10934596430553371,0.21018041161810064,-0.3401939012856269,-0.04762051903801118,0.15514612512368117,0.1418631986594598,0.5101054473226275,1.0
0.34426002039540665,0.1432444692370824,0.12447981030594997,-0.24491038125864517,3.1414198918117586,1.259612135230548,0.12031845560302798,1.0274380096961786,0.5639045126420117,0.04983535265150235,1.0
-0.49967384108621404,0.9626931146724486,-0.2059020905821919,6.066461520014169,-1.3426451095593457,1.259612135230548,-0.07498298990624946,-0.2676162774173217,-0.28761964982656274,-0.4881426800809816,1.0
-0.2359445093732076,-0.6587690986358292,-0.2298248749161647,-0.37200749972052694,-0.39744696623394377,-0.9730842014458718,-0.06412486654583745,-0.26840354446115966,-0.3662873002918243,-0.5538955507482852,1.0
-0.07770691034540371,-0.37980785763655556,-0.16176867810400067,-0.28152164757108883,-0.020492944788694126,0.36887763870872164,-0.060939817026783256,-0.1692078969375724,-0.2073573848248432,-0.1892659952296016,1.0
0.08053068868240018,0.744754645141766,0.18593661833632844,0.02700318740352523,0.19330187334443272,-0.064769418808483,-0.028075896989269544,0.3787299655736715,0.4698222549909894,0.5459706495047931,1.0
-0.07770691034540371,-0.3710903188553283,-0.15991260000912347,-0.27790612216123006,-0.46496111932861545,-0.2757328521952315,-0.06180846689561621,-0.19282590825271223,-0.22808737379879726,-0.2669739332909604,1.0
-0.3941821084010115,-0.7459444864481022,-0.24467349967518232,-0.40457980071024546,3.5521309898043434,1.259612135230548,0.0836903861339048,-0.2786380160310536,-0.3875488274445977,-0.631603488809644,1.0
-0.024961044002802413,0.3175952448616284,0.012702662814456285,-0.03758768545908666,0.3170778206846637,0.4509189739146794,-0.05123989349148185,0.1338899149400553,0.1833231766073679,0.5579257168988483,1.0
0.08053068868240018,-0.39724293519901016,-0.13825835556888944,-0.3285560502002424,-0.4199516839321677,-0.252292470707815,-0.05659656768261844,-0.16605882876222045,-0.18556431949325047,-0.2370862648058224,1.0
-0.07770691034540371,-0.5977463271672381,-0.2081706304759307,-0.37200749972052694,0.8459386865929246,0.9197266036630087,-0.04269816978129106,-0.2109330502609861,-0.29931348976058814,-0.4582550115958436,1.0
-0.2359445093732076,-0.7197918701044203,-0.23848657269225831,-0.40998680267453874,0.7390412775263612,1.118969846306049,-0.0596368422235338,-0.27155261263651165,-0.37213422025883697,-0.5778056855363956,1.0
-0.130452776688005,-0.4669832454488286,-0.18775377143228147,-0.30142332347580686,1.0709858635751635,0.931446794406717,-0.04602799427848408,-0.16133522649919246,-0.24934890095157064,-0.3207717365642088,1.0
-0.024961044002802413,1.729836527420451,0.34679671989235256,0.49008359057435374,-0.9994481646614319,-1.2953894468978486,-0.06832334091186343,0.14412438650994924,0.46929071681217005,1.5442187769084021,1.0
-0.1831986430306063,-0.5977463271672381,-0.2168323282520243,-0.35028177496038465,-0.42557786335672365,0.1461940145782655,-0.07063974056208465,-0.25423273767207577,-0.33067424231092885,-0.44629994420178837,1.0
0.02778482233979888,1.5031805191085412,0.3472091816912142,0.327808387043576,-0.6618773991880741,-0.6331986698783325,-0.06325621667700447,0.28032158509392224,0.6431037012860926,1.69963465303112,1.0
-0.1831986430306063,-0.684921714979511,-0.23126849121218032,-0.39682759307469245,-0.0992594567324777,0.4977997368895124,-0.06398009156769861,-0.26682901037348367,-0.3583142276095343,-0.5479180170512575,1.0
0.13327655502500146,2.775941181167727,0.8467004201126123,0.5742829886327763,-0.49309201645139494,-0.6331986698783325,-0.052687643272870115,0.8865172088491777,1.5148263145498018,2.8234109880723084,1.0
-0.07770691034540371,-0.4757007842300559,-0.18218553714764987,-0.3213249993805249,-0.5381014518478427,-0.7679808634309774,-0.06615171623978103,-0.22038025478704204,-0.2844304207536467,-0.3267492702612364,1.0
-0.1831986430306063,0.596556485860902,-0.01905689569788694,0.28719072770939696,-0.8869245761703127,-1.3657105913600975,-0.06687559113047514,-0.1046519993428569,-0.06968899651063547,0.23513889725935794,1.0
0.08053068868240018,-0.4059604739802375,-0.14073312636205904,-0.3312921234833787,-0.06550238018514189,0.37473773408057576,-0.05080556855706537,-0.14322808449091862,-0.16111356326756107,-0.23110873110879482,1.0
-0.1831986430306063,-0.5977463271672381,-0.2168323282520243,-0.35028177496038465,0.10890918197609317,0.7439237425073857,-0.0634009916551433,-0.24321099905834387,-0.3227011696286389,-0.452277477898816,1.0
0.8189728174788183,0.8232124941728117,0.7394603524085961,-0.21748450382530216,2.2749882604301397,0.5915612628391784,0.15434057546565233,2.621653773468117,1.8603261307823693,0.6714988571423727,1.0
-0.34143624205841017,0.029916465081127504,-0.17043037588009427,0.3093073200814158,-0.31868045429016023,-0.12923046789887838,-0.0660069412616422,-0.19676224347190222,-0.24297044280573862,-0.21915366371473963,1.0
0.08053068868240018,-0.6674866374170565,-0.2149762501571471,-0.4127228759576751,0.1257877202497611,1.1482703231653197,-0.05601746777006313,-0.24006193088299188,-0.31260194423107146,-0.48216514638395397,1.0
-0.1831986430306063,-0.1182816941997366,-0.13743343197116623,-0.0943612060841661,-0.3805684279602759,0.433338687799117,-0.07006064064952934,-0.16212249354303046,-0.1510143378699937,0.05581288634852995,1.0
-0.130452776688005,0.029916465081127504,-0.0937124812918366,-0.06934567892406222,-1.0332052412087678,-1.4477519265660552,-0.07208749034347292,-0.17944236850746634,-0.1813120140626958,0.025925217863391952,1.0
0.4497517530806092,-0.6674866374170565,-0.1962092383089443,-0.42571922405257284,-0.8644198584720888,-1.3715706867319517,-0.0681785659337246,-0.24636006723369583,-0.3216380932710002,-0.42836734311070557,1.0
-0.07770691034540371,-0.04854138394991819,-0.091237710498667,-0.14400139279249713,-0.22303540407270872,-0.8969029616117682,-0.05992639217981146,-0.092055726641449,-0.13985203611478766,0.07972302113664034,1.0
-0.130452776688005,-0.449548167886374,-0.18445407704138866,-0.2932802482283772,-1.3538974684084577,-1.9986008915203428,-0.06311144169886565,-0.25738180584742776,-0.3221696314498195,-0.5120528148690919,1.0
-0.024961044002802413,-0.5628761720423289,-0.1955905456106519,-0.3665679254552439,-0.20615686579904083,-0.07648960955219125,-0.06267711676444918,-0.22274205591855603,-0.2913404170782981,-0.3745695398374572,1.0
-0.1831986430306063,-0.6587690986358292,-0.22693764232413352,-0.3828540759501032,0.6827794832808015,0.9021463175474463,-0.05341151816356426,-0.2502964024528858,-0.3450257731390509,-0.5240078822631472,1.0
-0.1831986430306063,-0.62389894351092,-0.2211631771400711,-0.3642552920849739,-1.4045330832294614,-1.9517201285455097,-0.0590577423109785,-0.27627621489953963,-0.36362960939772765,-0.5957382866274784,1.0
-0.130452776688005,-0.5715937108235561,-0.2075519377776383,-0.35028177496038465,0.03576884945686557,1.0486487018437995,-0.06398009156769861,-0.23140199340077394,-0.29559272250885277,-0.3984796746255676,1.0
-0.130452776688005,-0.7459444864481022,-0.24054888168656632,-0.431712527434681,0.39021815320389136,-0.7562606726872692,-0.022429672841855302,-0.2770634819433776,-0.38276498383522367,-0.6196484214155887,1.0
-0.1831986430306063,0.0560690814248094,-0.10856110605085421,-0.0013021421565401771,-0.5324752724232867,1.1541304185371737,-0.06687559113047514,-0.14322808449091862,-0.04311208756966873,0.04983535265150235,1.0
-0.07770691034540371,-0.6064638659484654,-0.2100267085708079,-0.3756230251303857,-0.16677360982714903,0.5095199276332206,-0.05601746777006313,-0.24006193088299188,-0.31047579151579413,-0.48216514638395397,1.0
-0.130452776688005,-0.684921714979511,-0.2289999513184415,-0.4032117640686773,0.6096391507615738,1.0603688925875077,-0.06108459200492208,-0.2550200047159138,-0.34874654039078623,-0.5120528148690919,1.0
-0.07770691034540371,-0.7372269476668749,-0.2378678799939659,-0.4298884785792568,-0.7012606551599658,-0.9555039153303094,-0.06354576663328214,-0.2794252830748916,-0.37904421658348836,-0.601715820324506,1.0
-0.1831986430306063,-0.6064638659484654,-0.2182759445480399,-0.35493961400191437,-0.66750357861263,-1.125446681114079,-0.07049496558394582,-0.26053087402277975,-0.3498096167484249,-0.48216514638395397,1.0
-0.130452776688005,-0.5628761720423289,-0.2059020905821919,-0.34621023733666983,-0.21740922464815277,1.259612135230548,-0.06615171623978103,-0.23612559566380192,-0.28761964982656274,-0.3984796746255676,1.0
-0.07770691034540371,-0.6762041761982838,-0.2248753333298255,-0.40457980071024546,1.5717158323606442,-0.25815256607966913,0.054735390506139424,-0.23297652748844994,-0.3514042312848829,-0.5957382866274784,1.0
0.7134810847936157,1.6600962171706326,1.1387233737066254,-0.06797764228249405,0.46898466514767495,0.6677425026732821,0.02027894570909863,2.1052065927103927,2.8176263908359913,1.7474549226073406,1.0
-0.1831986430306063,-0.711074331323193,-0.23559934010022712,-0.410768537898292,-0.06550238018514189,0.005551725653766504,-0.06774424099930812,-0.2723398796803497,-0.370539605722379,-0.5598730844453128,1.0
-0.1831986430306063,0.4047706326739014,-0.050816454210230164,0.18484855799970124,-1.0613361383315476,-0.05890932343662887,-0.07266659025602823,-0.15346255606081255,-0.0016521096217606106,0.21122876247124753,1.0
-0.130452776688005,-0.5890287883860108,-0.2108516321685311,-0.3584248502078143,0.32270400010921974,1.259612135230548,-0.05500404292309135,-0.22904019226925998,-0.3003765661182268,-0.452277477898816,1.0
-0.2359445093732076,-0.7197918701044203,-0.23848657269225831,-0.40998680267453874,-0.5999894255179584,0.8435453638289058,-0.07006064064952934,-0.2794252830748916,-0.37319729661647566,-0.5897607529304507,1.0
0.13327655502500146,0.2217023182681281,0.061166924180694325,-0.15986410337449006,-0.30742809544104827,-0.5277169531849589,-0.05210854336031481,0.08114302300290971,0.15834088220285916,0.4323975092612687,1.0
0.13327655502500146,0.2914426285179465,0.08261493772149754,-0.13979956596482343,0.33395635895833164,0.07587287011601601,-0.026628147207881283,0.25040543742807847,0.28431543058304154,0.2949142342296339,1.0
-0.1831986430306063,-0.5628761720423289,-0.2110578630679619,-0.3316829910952554,-1.010700523510544,0.12275363309084901,-0.07237704029975058,-0.26210540811045574,-0.3189804023769035,-0.4761876126869264,1.0
-0.07770691034540371,-0.23160969835569148,-0.13021535049108823,-0.21999257100151048,-0.39744696623394377,0.01141182102562063,-0.060939817026783256,-0.15503709014848852,-0.15686125783700638,-0.13546819195635323,1.0
0.08053068868240018,1.494462980327314,0.3987669065489142,0.260448868596838,-0.819410423075641,-1.213348111691891,-0.062242791830032694,0.26142717604181037,0.5681568180725663,1.5382412432113746,1.0
-0.07770691034540371,0.7970598778291299,0.08880186470442154,0.20706286727468934,0.0020117729095297516,-0.28159294756708564,-0.046751869169178215,0.18506227278952495,0.24445006717159143,0.5639032505958759,1.0
0.13327655502500146,-0.21417462079323688,-0.07288316044932579,-0.2851371729809476,-0.3749422485357199,-0.6331986698783325,-0.052687643272870115,-0.08733212437842103,-0.0898874473057702,-0.04580518650093924,1.0
-0.024961044002802413,-0.49313586179251045,-0.17909207365618787,-0.3405100846634691,-0.4874658370268393,0.3161367803620345,-0.06369054161142096,-0.2148693854801761,-0.24669121005747396,-0.332726803958264,1.0
-0.130452776688005,0.1781146243619916,-0.06566507896924778,-0.00012953932091032308,-0.7800271671037493,0.5095199276332206,-0.0660069412616422,-0.12905727770183473,0.0137624975640001,0.09167808853069555,1.0
-0.1831986430306063,-0.4233955515426921,-0.18796000233171228,-0.2572227110327588,-0.13301653327981353,-0.047189132692920625,-0.06759946602116929,-0.2101457832171481,-0.27539427171371805,-0.2550188658969052,1.0
-0.130452776688005,-0.7023567925419657,-0.2322996457093343,-0.41135483931610695,0.11453536140064914,0.04071229788489126,-0.06108459200492208,-0.2660417433296457,-0.36362960939772765,-0.5538955507482852,1.0
-0.130452776688005,1.5903559069208142,0.20161016669306925,0.6594595557208901,-1.0275790617842118,-1.441891831194201,-0.07049496558394582,0.029970665153440094,0.22903545998583072,1.1497015529045806,1.0
-0.1831986430306063,-0.6587690986358292,-0.22693764232413352,-0.3828540759501032,-0.23428776292182066,0.3630175433368675,-0.06904721580255756,-0.2628926751542937,-0.3498096167484249,-0.5060752811720644,1.0
-0.130452776688005,0.2740075509554919,-0.04751675981933737,0.04465737453995267,0.35083489723199957,1.1424102277934656,-0.045014569431512295,0.04020513672333402,0.11050244610911904,0.16340849289502674,1.0
-0.07770691034540371,-0.6413340210733746,-0.2174510209503167,-0.3900851267698207,-1.0950932148788834,0.198934872924952,-0.0709292905183623,-0.26840354446115966,-0.3312057804897482,-0.5240078822631472,1.0
-0.28869037571580886,0.038634003862354806,-0.15021974773587585,0.16436058067716833,-0.3130542748656042,-0.19955161236112787,-0.06238756680817152,-0.1723569651129244,-0.20629430846720453,-0.17731092783554642,1.0
0.7134810847936157,0.1519620080183097,0.2824526792699429,-0.302791360117375,3.034522482745195,1.1541304185371737,0.1547749004000688,1.5486087927169307,0.9471435395707521,0.18731862768313715,1.0
-0.1831986430306063,0.8057774166103572,0.015589895406487487,0.3988811478031418,-0.9319340115667603,-0.9672241060740177,-0.07165316540905643,-0.08418305620306905,0.0259878756768448,0.5818358516869587,1.0
-0.130452776688005,-0.5367235556986469,-0.2009525489958527,-0.3339956244655254,0.1595447967970969,1.2361717537431316,-0.0600711671579503,-0.21801845365552805,-0.27539427171371805,-0.3805470735344848,1.0
-0.1831986430306063,-0.6326164822921473,-0.22260679343608672,-0.36888055882551396,-0.7969057053774172,0.620861739698449,-0.06832334091186343,-0.26682901037348367,-0.33758423863558024,-0.5299854159601748,1.0
-0.130452776688005,-0.3710903188553283,-0.16960545228237106,-0.25663640961494383,-0.25116630119548855,0.6501622165577197,-0.05847864239842319,-0.19203864120887426,-0.21479891932831388,-0.302839135473126,1.0
-0.024961044002802413,-0.6326164822921473,-0.2120890175651159,-0.3926257662470188,0.9359575573858201,0.39817811556799226,0.01969984579654332,-0.21644391956785206,-0.3168542496616262,-0.5658506181423404,1.0
-0.130452776688005,-0.1793044656683277,-0.13330881398255023,-0.16706258189321785,-1.522682851145137,-2.584610428705755,-0.07006064064952934,-0.24557280018985786,-0.2929350316147561,-0.4044572083225952,1.0
-0.024961044002802413,-0.3710903188553283,-0.15021974773587585,-0.2949088632778631,0.6321438684597978,1.206871276883861,-0.04704141912545587,-0.11016286864972286,-0.14623049426061968,-0.18328846153257403,1.0
-0.07770691034540371,-0.3536552412928737,-0.15620044381936907,-0.27067507134151253,-0.7744009876791933,-0.5863179069034995,-0.06890244082441872,-0.20778398208563412,-0.23340275558699058,-0.21915366371473963,1.0
-0.28869037571580886,-0.12699923298096388,-0.16981168318180187,0.04058583691623786,-0.5606061695460666,1.1365501324216114,-0.07237704029975058,-0.2085712491294721,-0.19885277396373383,-0.14144572565338082,1.0
-0.024961044002802413,0.1519620080183097,-0.02648120807739575,-0.0994750573395519,-0.5381014518478427,-0.2757328521952315,-0.06383531658955979,-0.058203243756415245,0.0259878756768448,0.32480190271477194,1.0
-0.130452776688005,-0.4757007842300559,-0.1894036186277279,-0.3054948610995217,0.05827356715508945,0.5915612628391784,-0.0660069412616422,-0.20463491391028216,-0.2621058172432347,-0.2550188658969052,1.0
-0.130452776688005,-0.4059604739802375,-0.17620484106415668,-0.2729225601098031,-0.23991394234637664,-0.205411707732982,-0.06383531658955979,-0.19991131164725418,-0.2567904354550413,-0.2669739332909604,1.0
-0.1831986430306063,-0.1531518493246458,-0.14320789715522864,-0.11295998994929536,-0.7462700905564136,-0.7855611495465398,-0.06542784134908688,-0.19440044234038822,-0.2195827629376879,-0.21915366371473963,1.0
-0.024961044002802413,2.095973156231998,0.4334136976532887,0.6268872547311716,-0.9094292938685365,-0.6683592421094573,-0.06673081615233632,0.25040543742807847,0.783429780494397,1.9028707987300582,1.0
0.29151415405280534,-0.39724293519901016,-0.10196171726906861,-0.3584248502078143,0.04139502888142154,-0.24057227996410677,-0.05543836785750783,-0.07945945394004109,-0.11540127988909826,0.025925217863391952,1.0
-0.024961044002802413,1.407287592515041,0.2704912871029565,0.3695660769123952,-1.2807571358892302,-0.9613640107021635,-0.07223226532161175,-0.00939268703845961,0.43474073518891326,1.0779711485402494,1.0
-0.07770691034540371,-0.4669832454488286,-0.18032945905277267,-0.3177094739706661,1.0316026076032716,0.8259650777133434,-0.03922357030595922,-0.14716441971010857,-0.23446583194462928,-0.332726803958264,1.0
-0.07770691034540371,-0.3885253964177829,-0.16362475619887787,-0.2851371729809476,-0.352437530837496,-1.0844260135111001,-0.06571739130536454,-0.19046410712119827,-0.26476350813733135,-0.19524352892662922,1.0
0.02778482233979888,2.1569959277005886,0.5173496737216243,0.549886335191477,-1.0894670354543274,-0.8676024847524975,-0.05818909244214554,0.22363835793758666,0.8610343546020199,1.131768951813498,1.0
-0.1831986430306063,-0.30135000860550987,-0.16774937418749386,-0.19207810905332168,0.0301426700323096,0.21065506366866024,-0.05978161720167264,-0.17471876624443838,-0.2259612210835199,-0.2251311974117672,1.0
-0.07770691034540371,-0.057258922731145495,-0.0930937885935442,-0.1476169182023559,-0.07112855960969786,0.7556439332510939,-0.049936918688232405,-0.07867218689620309,-0.030886709456824025,-0.06373778759202203,1.0
-0.1831986430306063,-0.7197918701044203,-0.23704295639624273,-0.41542637693982176,0.10890918197609317,0.9021463175474463,-0.06253234178631036,-0.27312714672418764,-0.3694765293647403,-0.5778056855363956,1.0
-0.07770691034540371,3.856915990039912,0.7402852760063193,1.4773826058737123,-1.2076168033700028,-0.8383020078932268,-0.07136361545277879,0.29134332370765414,1.2394895379213864,2.7815682521931153,1.0
-0.024961044002802413,-0.6587690986358292,-0.2182759445480399,-0.40239745654393433,-0.30742809544104827,0.6736025980451361,-0.06238756680817152,-0.2534454706282378,-0.32695347505919353,-0.5000977474750368,1.0
-0.07770691034540371,-0.5890287883860108,-0.2063145523810535,-0.3683919743106681,-0.9938219852368759,-0.5159967624412507,-0.07107406549650114,-0.2581690728912657,-0.3205750169133615,-0.46423254529287117,1.0
-0.28869037571580886,-0.4408306291051467,-0.2069332450793459,-0.19393473020973565,-0.172399789251705,0.6911828841606985,-0.07049496558394582,-0.23612559566380192,-0.3003765661182268,-0.3446818713523192,1.0
0.02778482233979888,0.073504158987264,-0.024831360881949347,-0.15781204841213778,0.1595447967970969,-0.0413290373210665,-0.05225331833845364,0.04886507420555195,0.05203324643899221,0.34273450380585474,1.0
-0.1831986430306063,-0.5280060169174197,-0.2052833978838995,-0.3130516349291364,-0.5774847078197345,0.16377430069382723,-0.050950343535204196,-0.24557280018985786,-0.30622348608523947,-0.5180303485661196,1.0
0.02778482233979888,-0.5715937108235561,-0.19270331301862068,-0.3769259171699744,-0.34681135141294006,0.05829258400045363,-0.05992639217981146,-0.224316590006232,-0.2823042680383694,-0.4044572083225952,1.0
-0.1831986430306063,-0.5977463271672381,-0.2168323282520243,-0.35028177496038465,-0.0823809184588098,0.9021463175474463,-0.06644126619605867,-0.24714733427753383,-0.3205750169133615,-0.44629994420178837,1.0
-0.130452776688005,-0.362372780074101,-0.16795560508692467,-0.252564871991229,-0.2286615834972647,0.5857011674673243,-0.06108459200492208,-0.18888957303352227,-0.21320430479185587,-0.26099639959393284,1.0
-0.2359445093732076,-0.6064638659484654,-0.2224005625366559,-0.33943519873080835,-1.0894670354543274,0.04071229788489126,-0.06832334091186343,-0.27155261263651165,-0.34343115860259293,-0.5538955507482852,1.0
0.766226951136217,0.8493651105164937,0.716981184370639,-0.20435786652644558,0.581508253638794,0.9255866990348629,0.015356596452378518,1.4494131451933434,1.9490930066451984,1.1736116876926912,1.0
0.7134810847936157,-0.22289215957446418,0.06962239105735714,-0.36112835118996095,-0.7969057053774172,-1.2602288746667238,-0.04110564502176397,-0.014116289301487575,0.07116862087648826,-0.02189505171282884,1.0
0.18602242136760277,2.7846587199489545,0.9337298596724098,0.5035685231840972,-1.1063455737279955,-1.213348111691891,-0.06412486654583745,0.48658555057947667,1.3638694717651105,2.6560400445555357,1.0
-0.130452776688005,-0.6326164822921473,-0.2191008681457631,-0.37878253832638836,-0.33555899256382815,-0.6390587652501867,-0.05630701772634079,-0.2550200047159138,-0.3450257731390509,-0.5299854159601748,1.0
-0.07770691034540371,-0.4059604739802375,-0.16733691238863227,-0.2923682238006651,0.5702558947896821,0.9548871758941335,-0.04211906986873576,-0.1448026185785946,-0.19885277396373383,-0.3088166691701536,1.0
-0.1831986430306063,-0.684921714979511,-0.23126849121218032,-0.39682759307469245,0.12016154082520512,-0.111650181783316,-0.06455919148025392,-0.2644672092419697,-0.36256653304008896,-0.5359629496572024,1.0
0.02778482233979888,0.28272508973671917,0.0296135965677819,-0.08673928765257195,-0.6337465020652943,-0.7562606726872692,-0.06195324187375503,-0.017265357476839552,0.07435784994940427,0.4204424418672135,1.0
-0.024961044002802413,0.0037638487374456056,-0.061540460980631775,-0.1548479690220734,0.7446674569509172,0.4860795461458041,-0.033287796202267315,0.06697221621382582,0.021204032067470787,0.04983535265150235,1.0
-0.130452776688005,-0.0659764615123728,-0.11186080044174701,-0.11413259278492523,-0.05987620076058592,0.32199687573388863,-0.05760999252959023,-0.10307746525518091,-0.10104974906097622,-0.009939984318773642,1.0
-0.024961044002802413,-0.5105709393549651,-0.18321669164480386,-0.3470245448614128,1.5548372940869761,-0.064769418808483,0.006525322785910073,-0.1306318117895107,-0.26635812267378933,-0.4582550115958436,1.0
-0.1831986430306063,-0.7459444864481022,-0.24137380528428953,-0.429399894064411,0.9415837368103761,1.259612135230548,-0.017652098563274016,-0.27627621489953963,-0.37904421658348836,-0.6196484214155887,1.0
-0.024961044002802413,-0.4059604739802375,-0.15846898371310786,-0.3079377836737506,0.5027417416950107,0.9080064129193005,-0.03821014545898743,-0.13299361292102468,-0.17918586134741846,-0.3088166691701536,1.0
-0.28869037571580886,-0.711074331323193,-0.23889903449111993,-0.3958829963459906,0.3170778206846637,1.259612135230548,-0.06267711676444918,-0.27470168081186364,-0.3726657584376563,-0.5837832192334231,1.0
-0.130452776688005,-0.13571677176219119,-0.12505957800531822,-0.14670489377464377,0.24393748816543614,0.35129735259315925,-0.0590577423109785,-0.09599206186063897,-0.1281581961807623,0.04385781895447475,1.0
-0.1831986430306063,0.683731873673175,-0.004620732737730929,0.33373654582370477,-1.618327901362588,-2.4381080444094017,-0.07353524012486119,-0.2132948513925001,-0.1632397159828384,-0.14144572565338082,1.0
-0.130452776688005,0.9539755758912213,0.08117132142548195,0.3622373091897085,-1.4270378009276854,-1.2309283978074532,-0.07295614021230588,-0.1440153515347566,0.09243014802926165,0.28893670053260634,1.0
0.02778482233979888,-0.7197918701044203,-0.23126849121218032,-0.42728269450007933,0.5590035359405705,-1.7817773627617404,0.4311503336670893,-0.2597436069789417,-0.37426037297411435,-0.631603488809644,1.0
-0.07770691034540371,-0.188022004449555,-0.12093496001670223,-0.20188237165122697,-0.1892783275253729,0.02313201176932888,-0.05630701772634079,-0.12669547657032074,-0.137194345220691,-0.11155805716824282,1.0
-0.07770691034540371,0.335030322424083,-0.009570274324070134,0.015244586746236815,-0.841915140773865,-0.23471218459225263,-0.06919199078069638,-0.089693925509935,0.062132471836559566,0.4084873744731583,1.0
-0.28869037571580886,-0.6500515598546018,-0.2316809530110419,-0.35028177496038465,0.17642333507076483,0.9490270805222794,-0.06586216628350336,-0.2644672092419697,-0.35618807489425697,-0.5299854159601748,1.0
0.02778482233979888,0.012481387518672905,-0.04071114013812096,-0.1785280318415988,-0.46496111932861545,-1.1020062996266626,-0.05630701772634079,-0.0629268460194432,-0.07606745465646748,0.09765562222772314,1.0
0.08053068868240018,-0.1618693881058731,-0.07143954415331018,-0.2552683729733757,1.3466686553784053,0.4743593554020959,-0.0038984756400854584,0.11971910815097142,-0.0016521096217606106,-0.11753559086527043,1.0
-0.07770691034540371,-0.31878508616796447,-0.14877613143986024,-0.2561803974010878,-0.29054955716738035,0.11689353771899488,-0.0660069412616422,-0.1692078969375724,-0.18981662492380513,-0.09362545607716004,1.0
-0.07770691034540371,0.1170918528934005,-0.055972226696000174,-0.07524126540320125,-0.7068868345845218,-0.7152400050842903,-0.06948154073697403,-0.11095013569356085,-0.06703130561653879,0.3128468353207167,1.0
-0.1831986430306063,0.0909392365497186,-0.1027866408667918,0.017329214009578802,0.23831130874088016,0.37473773408057576,-0.06354576663328214,-0.061352311931767226,-0.07819360737174483,0.3008917679266615,1.0
-0.07770691034540371,2.2616063930753163,0.4006229846437914,0.8150900098497652,-1.3707760066821257,-1.9458600331736555,-0.07136361545277879,0.022097994715060153,0.36192000469066443,1.191544288783774,1.0
0.18602242136760277,2.4185220911374077,0.8124660908070994,0.40585162021494153,-0.11051181558158965,-1.225068302435599,-0.024890847470215357,1.121910054956738,1.18048880007244,1.741477388910313,1.0
-0.1831986430306063,0.3088777060804011,-0.06669623346640179,0.1336449008438637,-0.5549799901215107,0.4274785924272629,-0.0697710906932517,-0.10229019821134291,0.005257886702890742,0.3666446385939651,1.0
-0.024961044002802413,-0.62389894351092,-0.2100267085708079,-0.3893685361480469,-0.4199516839321677,0.573980976723616,-0.061663691917477385,-0.24636006723369583,-0.3094127151581555,-0.4761876126869264,1.0
-0.2359445093732076,-0.6674866374170565,-0.2310622603127495,-0.3774145016848202,-0.05425002133602995,0.5857011674673243,-0.06615171623978103,-0.2660417433296457,-0.3572511512518956,-0.5359629496572024,1.0
2.559586406784661,-0.04854138394991819,0.7749320671106937,-0.4016157213201811,1.6336038060307598,-0.439815522607147,2.0578419880349483,2.281554410530103,1.475492489317171,-0.5060752811720644,1.0
-0.07770691034540371,-0.62389894351092,-0.2137388647605623,-0.3828540759501032,-0.09363327730792173,0.6794626934169903,-0.0634009916551433,-0.24321099905834387,-0.31632271148280683,-0.452277477898816,1.0
-0.07770691034540371,-0.1444343105434185,-0.11165456954231621,-0.18380474460193316,-1.0950932148788834,-2.057201845238884,-0.06919199078069638,-0.1983367775595782,-0.24243890462691928,-0.16535586044149123,1.0
0.02778482233979888,1.581638368139587,0.3676260407348634,0.3544525292531657,-0.9600649086895402,-0.9203433430991846,-0.06803379095558576,0.177189602351145,0.6011121851593652,1.681702051940037,1.0
-0.130452776688005,-0.449548167886374,-0.18445407704138866,-0.2932802482283772,-0.16677360982714903,-0.111650181783316,-0.06470396645839276,-0.20699671504179615,-0.2700788899255247,-0.2849065343820432,1.0
0.6079893521084131,-0.1793044656683277,0.06591023486760272,-0.3458519420257829,0.8290601483192567,0.36887763870872164,0.06327711421633021,0.3291321418118779,0.29016235055005424,-0.19524352892662922,1.0
-0.130452776688005,-0.6413340210733746,-0.22075071534120952,-0.3828540759501032,0.5196202799686787,0.8494054592007599,-0.05283241825100895,-0.24163646497066787,-0.33067424231092885,-0.5000977474750368,1.0
0.02778482233979888,2.4185220911374077,0.5854058705337885,0.638743572291429,-0.830662781924753,-0.0882098002958995,-0.06629649121791985,0.41336971550254326,1.258093374180063,2.6141973086763426,1.0
-0.024961044002802413,-0.39724293519901016,-0.15640667471879985,-0.3046805535747787,-0.10488563615703368,1.0076280342408206,-0.06253234178631036,-0.16684609580605844,-0.17014971230748976,-0.15340079304743603,1.0
-0.07770691034540371,0.9103878819850848,0.11293087993782516,0.25412984220483265,-0.9994481646614319,-0.5511573346723754,-0.0697710906932517,-0.025925294959057488,0.24763929624450742,0.7850719973858972,1.0
0.02778482233979888,3.6738476756341387,0.9120756152321758,1.0651475645478345,-1.117597932577107,-1.4477519265660552,-0.06948154073697403,0.46454207335201286,1.2129126289804195,3.3733440881988477,1.0
0.02778482233979888,-0.5192884781361924,-0.17909207365618787,-0.3591740131305778,0.5533773565160145,0.2282353497842226,-0.02981319672693547,-0.16684609580605844,-0.24934890095157064,-0.4164122757166504,1.0
-0.07770691034540371,0.012481387518672905,-0.0782451638345266,-0.11866014262249608,-0.26804483946915647,0.7204833610199691,-0.06180846689561621,-0.08103398802771708,0.0015371194511553986,0.16938602659205435,1.0
-0.130452776688005,-0.6674866374170565,-0.22570025692754872,-0.3950686888212476,0.14266625852342898,0.7497838378792397,-0.05703089261703493,-0.25580727175975176,-0.34343115860259293,-0.5299854159601748,1.0
-0.1831986430306063,-0.49313586179251045,-0.19950893269983708,-0.29445285106400704,-0.3918207868093878,0.36887763870872164,-0.06919199078069638,-0.23376379453228793,-0.28974580254184007,-0.3506594050493468,1.0
-0.130452776688005,-0.62389894351092,-0.2174510209503167,-0.37471100070267355,0.15391861737254095,0.5681208813517619,-0.0634009916551433,-0.24321099905834387,-0.3264219368803742,-0.452277477898816,1.0
0.08053068868240018,-0.7023567925419657,-0.2248753333298255,-0.4235694521872514,0.7896768923473649,-0.750400577315415,0.042719067320616796,-0.24478553314601986,-0.35618807489425697,-0.601715820324506,1.0
0.08053068868240018,-0.684921714979511,-0.2199257917434863,-0.4181298779219684,1.594220550058868,-0.29331313831079386,0.08788886049993076,-0.22038025478704204,-0.34236808224495424,-0.5957382866274784,1.0
-0.07770691034540371,0.1519620080183097,-0.048547914316491365,-0.06074659146277655,-0.8531674996229769,0.33371706647759686,-0.07063974056208465,-0.12354640839496876,0.03715017743205083,0.2949142342296339,1.0
-0.2359445093732076,-0.6762041761982838,-0.2322996457093343,-0.3828540759501032,0.6602747655825776,0.931446794406717,-0.05833386742028436,-0.26053087402277975,-0.35778268943071495,-0.54194048335423,1.0
-0.2359445093732076,-0.7285094088856475,-0.23972395808884311,-0.41542637693982176,-0.352437530837496,-1.342270209872681,-0.03690717065573799,-0.2794252830748916,-0.383296522014043,-0.6196484214155887,1.0
-0.024961044002802413,-0.3275026249491918,-0.13990820276433585,-0.2786227127830038,-0.39744696623394377,-0.19369151698927375,-0.05978161720167264,-0.16605882876222045,-0.1860958576720698,-0.19524352892662922,1.0
-0.130452776688005,-0.6500515598546018,-0.2224005625366559,-0.386925613573818,-0.48183965760228337,-0.7914212449183938,-0.05717566759517375,-0.2613181410666177,-0.3524673076425216,-0.5479180170512575,1.0
-0.1831986430306063,-0.7459444864481022,-0.24137380528428953,-0.429399894064411,-0.26804483946915647,1.259612135230548,-0.04660709419103939,-0.2809998171625676,-0.37904421658348836,-0.6196484214155887,1.0
-0.49967384108621404,-0.1095641554185093,-0.23126849121218032,2.0600684982787874,-0.2455401217709326,1.259612135230548,-0.07498298990624946,-0.26840354446115966,-0.35299884582134095,-0.4941202137780092,1.0
0.02778482233979888,-0.5803112496047835,-0.1949718529123595,-0.37988999656003886,-0.5831108872442905,-0.29331313831079386,-0.05978161720167264,-0.23533832861996393,-0.2950611843300334,-0.44629994420178837,1.0
0.02778482233979888,1.494462980327314,0.34494064179747536,0.3248443076535116,-0.6281203226407382,-0.8265818171495186,-0.060939817026783256,0.29291785779533014,0.5888868070465204,1.5621513779994851,1.0
-0.07770691034540371,-0.6064638659484654,-0.2100267085708079,-0.3756230251303857,-0.6056156049425143,-1.342270209872681,-0.05601746777006313,-0.2510836694967238,-0.34077346770849626,-0.5180303485661196,1.0
-0.130452776688005,1.1021737351720853,0.10921872374807076,0.43145344879286035,-1.1963644445208907,-1.6059745016061167,-0.07078451554022348,-0.07552311872085112,0.07542092630704295,0.575858317989931,1.0
-0.07770691034540371,-0.6326164822921473,-0.2155949428554395,-0.386469601359962,-0.7856533465283052,-1.1899077302044745,-0.06586216628350336,-0.26053087402277975,-0.3466203876755089,-0.5120528148690919,1.0
-0.07770691034540371,-0.4582657066676013,-0.17847338095789547,-0.3140939485608074,0.12016154082520512,0.15205410995011964,-0.060650267070505595,-0.18574050485817029,-0.25041197730920933,-0.2550188658969052,1.0
-0.1831986430306063,-0.3710903188553283,-0.17929830455561868,-0.22930824908456998,-0.5493538106969547,0.5446804998643454,-0.05775476750772906,-0.21801845365552805,-0.24031275191164195,-0.3984796746255676,1.0
-0.07770691034540371,-0.30135000860550987,-0.14506397525010584,-0.24894934658137027,-0.3918207868093878,1.259612135230548,-0.062242791830032694,-0.1715696980690864,-0.13081588707485897,-0.17731092783554642,1.0
-0.49967384108621404,-0.43211309032391937,-0.23889903449111993,0.8548933616592014,-0.9488125498404282,1.259612135230548,-0.07353524012486119,-0.2817870842064056,-0.3726657584376563,-0.5957382866274784,1.0
0.4497517530806092,3.18566550388541,1.5357178551109156,0.3320102138712496,-1.618327901362588,-4.043774176297431,0.3946670391761049,0.26536351126100033,0.042465559220244184,-0.5120528148690919,1.0
-0.024961044002802413,0.073504158987264,-0.04504198902616776,-0.12879012823029853,0.04139502888142154,0.4450588785428253,-0.0596368422235338,0.0016290515752723069,0.054690937333088885,0.4084873744731583,1.0
-0.1831986430306063,1.3375472822652226,0.10365048946343916,0.6827161786275491,-0.9600649086895402,-1.7876374581335945,-0.06861289086814108,-0.023563493827543504,0.04033940650496684,0.7193191267185934,1.0
0.02778482233979888,-0.07469400029360009,-0.06339653907550898,-0.20813625344125294,-0.16677360982714903,-0.5277169531849589,-0.049936918688232405,-0.0503305733180353,-0.06490515290126146,0.013970150469336754,1.0
-0.1831986430306063,-0.022388767606236294,-0.12155365271499463,-0.04315754892832851,-0.020492944788694126,0.4157584016835546,-0.06238756680817152,-0.11331193682507483,-0.11699589442555627,0.05581288634852995,1.0
-0.28869037571580886,-0.4059604739802375,-0.2028086270907299,-0.16787688941796083,-0.7631486288300814,0.08759306085972426,-0.07049496558394582,-0.24872186836520982,-0.3025027188335041,-0.4164122757166504,1.0
-0.1831986430306063,-0.7197918701044203,-0.23704295639624273,-0.41542637693982176,-0.6956344757354099,0.5446804998643454,-0.06528306637094806,-0.2786380160310536,-0.37107114390119833,-0.5957382866274784,1.0
-0.07770691034540371,-0.6413340210733746,-0.2174510209503167,-0.3900851267698207,-0.8250366025001971,-1.7934975535054487,-0.07078451554022348,-0.2628926751542937,-0.3572511512518956,-0.4941202137780092,1.0
-0.2359445093732076,1.1108912739533128,0.021364360590549893,0.7300437319656102,-0.66750357861263,-0.5921780022753537,-0.06803379095558576,-0.031436164265923446,0.07914169355877829,0.6416111886572347,1.0
-0.28869037571580886,-0.7459444864481022,-0.24302365247973592,-0.4219408371377654,-0.10488563615703368,0.38059782945242987,-0.06470396645839276,-0.28257435125024355,-0.384891136550501,-0.6136708877185612,1.0
-0.130452776688005,-0.49313586179251045,-0.19270331301862068,-0.3136379363469513,0.03576884945686557,0.26339592201534734,-0.06253234178631036,-0.2101457832171481,-0.2775204244289954,-0.3267492702612364,1.0
-0.07770691034540371,3.656412598071684,0.6975954798241437,1.3941603768449815,-1.5339352099942487,-2.3795070906908604,-0.07063974056208465,0.05752501168776989,0.5288229928399355,1.3230500301183812,1.0
-0.28869037571580886,-0.4408306291051467,-0.2069332450793459,-0.19393473020973565,-0.2286615834972647,-0.24057227996410677,-0.06021594213608912,-0.23770012975147792,-0.3168542496616262,-0.452277477898816,1.0
-0.07770691034540371,-0.5803112496047835,-0.2044584742861763,-0.3647438765998197,-0.8250366025001971,0.18135458680938962,-0.07049496558394582,-0.2518709365405618,-0.30409733336996214,-0.4343448768077332,1.0
-0.07770691034540371,0.7970598778291299,0.08880186470442154,0.20706286727468934,-0.8531674996229769,-0.7269601958279985,-0.0660069412616422,-0.00939268703845961,0.1785393329979939,0.6356336549602071,1.0
-0.024961044002802413,-0.4233955515426921,-0.16259360170172385,-0.3144522438716943,-0.5212229135741748,-0.5394371439286672,-0.06673081615233632,-0.1991240446034162,-0.24297044280573862,-0.21915366371473963,1.0
-0.1831986430306063,-0.711074331323193,-0.23559934010022712,-0.410768537898292,-0.5662323489706226,-0.6214784791346243,-0.07339046514672237,-0.27627621489953963,-0.373728834795295,-0.5598730844453128,1.0
-0.130452776688005,-0.6326164822921473,-0.2191008681457631,-0.37878253832638836,-0.08800709788336576,0.09345315623157838,-0.06108459200492208,-0.2502964024528858,-0.3359896240991222,-0.4941202137780092,1.0
-0.28869037571580886,-0.7459444864481022,-0.24302365247973592,-0.4219408371377654,0.7390412775263612,-0.49841647632568825,0.054735390506139424,-0.2802125501187296,-0.38648575108695904,-0.631603488809644,1.0
-0.2359445093732076,-0.5803112496047835,-0.2186884063469015,-0.3231490482359491,0.04702120830597751,0.4509189739146794,-0.05587269279192431,-0.24714733427753383,-0.33067424231092885,-0.5060752811720644,1.0
-0.1831986430306063,-0.7372269476668749,-0.23993018898827392,-0.4247420550228812,0.6602747655825776,0.9255866990348629,-0.02851022192368603,-0.27470168081186364,-0.3763865256893917,-0.6136708877185612,1.0
-0.1831986430306063,-0.62389894351092,-0.2211631771400711,-0.3642552920849739,-0.06550238018514189,1.259612135230548,-0.06759946602116929,-0.2526582035843998,-0.32695347505919353,-0.46423254529287117,1.0
-0.024961044002802413,-0.3536552412928737,-0.14609512974725986,-0.2883944030799194,-0.9713172675386521,-0.19955161236112787,-0.07179794038719527,-0.2125075843486621,-0.1983212357849145,-0.18328846153257403,1.0
-0.024961044002802413,-0.3362201637304191,-0.14197051175864384,-0.2818799428819757,-0.17802596867626097,-0.07062951418033712,-0.05934729226725615,-0.15267528901697455,-0.18450124313561178,-0.15340079304743603,1.0
-0.130452776688005,-0.4233955515426921,-0.17950453545504946,-0.2810656353572328,0.05264738773053348,0.9373068897785711,-0.06673081615233632,-0.19046410712119827,-0.22915045015643593,-0.17731092783554642,1.0
-0.07770691034540371,-0.3885253964177829,-0.16362475619887787,-0.2851371729809476,0.41272287090211524,1.0017679388689664,-0.04211906986873576,-0.14716441971010857,-0.18822201038734715,-0.3147942028671812,1.0
-0.130452776688005,-0.6413340210733746,-0.22075071534120952,-0.3828540759501032,-0.2286615834972647,1.031068415728237,-0.06238756680817152,-0.2550200047159138,-0.3285480895956515,-0.5060752811720644,1.0
-0.28869037571580886,-0.6064638659484654,-0.2265251805252719,-0.3177094739706661,0.6827794832808015,1.2010111815120068,-0.06716514108675281,-0.24950913540904782,-0.34130500588731555,-0.452277477898816,1.0
-0.130452776688005,-0.5977463271672381,-0.2125014793639775,-0.3624963878315291,-0.16677360982714903,-0.656639051365749,-0.061518916939338565,-0.24321099905834387,-0.33386347138384487,-0.46423254529287117,1.0
-0.130452776688005,-0.6587690986358292,-0.2240504097321023,-0.3909971511975328,0.8403125071683686,1.0486487018437995,-0.0434220446719852,-0.24242373201450587,-0.33652116227794154,-0.5299854159601748,1.0
-0.07770691034540371,-0.07469400029360009,-0.09680594478329861,-0.1548479690220734,-0.20615686579904083,1.1072496555623408,-0.05978161720167264,-0.09756659594831495,-0.016535178628701987,0.05581288634852995,1.0
-0.130452776688005,-0.41467801276146476,-0.17785468825960307,-0.27699409773351796,-0.03174530363780607,1.0838092740749243,-0.05847864239842319,-0.19203864120887426,-0.22064583929532655,-0.302839135473126,1.0
0.18602242136760277,-0.449548167886374,-0.13743343197116623,-0.35959745304344415,-0.7012606551599658,-1.7348965997869075,-0.04733096908173352,-0.18574050485817029,-0.2557273590974027,-0.3745695398374572,1.0
-0.130452776688005,-0.6674866374170565,-0.22570025692754872,-0.3950686888212476,1.6561085237289837,0.18721468218124374,0.009855147283103098,-0.23376379453228793,-0.34874654039078623,-0.5778056855363956,1.0
-0.07770691034540371,1.4770279027648594,0.23357595610484327,0.4893669999525799,-1.010700523510544,-0.5159967624412507,-0.07107406549650114,0.05909954577544588,0.46929071681217005,1.3708702996946018,1.0
0.13327655502500146,-0.449548167886374,-0.14527020614953665,-0.352789842136593,-0.31868045429016023,0.9959078434971124,-0.04052654510920866,-0.16684609580605844,-0.1430412651877037,-0.3685920061404296,1.0
-0.1831986430306063,-0.7285094088856475,-0.23848657269225831,-0.42008421598135154,0.06952592600420139,1.259612135230548,-0.056886117638896096,-0.2754889478557016,-0.3716026820800177,-0.5957382866274784,1.0
-0.2359445093732076,-0.4669832454488286,-0.20260239619129908,-0.252564871991229,0.7896768923473649,1.206871276883861,-0.06108459200492208,-0.20148584573493017,-0.28017811532309206,-0.3088166691701536,1.0
0.08053068868240018,3.560519671478184,0.9852875845301099,0.9037518131437792,-0.34681135141294006,-0.8558822940087892,-0.054714492966813695,1.1549752707979337,1.6354854811417907,3.857524317658083,1.0
-0.28869037571580886,0.038634003862354806,-0.15021974773587585,0.16436058067716833,-1.0444576000578798,0.07587287011601601,-0.0665860411741975,-0.22038025478704204,-0.19460046853317917,-0.3207717365642088,1.0
-0.07770691034540371,0.6227091022045839,0.05168030280687752,0.1346872144755347,-0.5381014518478427,-1.5473735478875754,-0.05514881790123018,0.023672528802736143,0.007384039418168082,0.34273450380585474,1.0
-0.1831986430306063,-0.7197918701044203,-0.23704295639624273,-0.41542637693982176,-0.5831108872442905,-1.0141048690488506,-0.042987719737568715,-0.2778507489872156,-0.37798114022584967,-0.6136708877185612,1.0
-0.28869037571580886,-0.711074331323193,-0.23889903449111993,-0.3958829963459906,0.3170778206846637,1.113109750934195,-0.06759946602116929,-0.27470168081186364,-0.37319729661647566,-0.571828151839368,1.0
-0.07770691034540371,-0.4233955515426921,-0.17104906857838667,-0.2995992746203826,0.4239752297512272,1.118969846306049,-0.04834439392870531,-0.1589734253676785,-0.20257354121546917,-0.2968616017760984,1.0
-0.28869037571580886,0.073504158987264,-0.14609512974725986,0.1904184214689432,-0.29617573659193636,-0.47497609483827175,-0.06369054161142096,-0.16605882876222045,-0.2105466138977592,-0.12949065825932563,1.0
-0.130452776688005,-0.6413340210733746,-0.22075071534120952,-0.3828540759501032,0.08077828485331333,0.48021945077395,-0.061663691917477385,-0.24950913540904782,-0.33492654774148356,-0.4881426800809816,1.0
-0.130452776688005,-0.6500515598546018,-0.2224005625366559,-0.386925613573818,-0.4312040427812796,0.13447382383455725,-0.0634009916551433,-0.26053087402277975,-0.34236808224495424,-0.5240078822631472,1.0
-0.28869037571580886,0.038634003862354806,-0.15021974773587585,0.16436058067716833,-0.5155967341496188,0.9373068897785711,-0.06644126619605867,-0.18574050485817029,-0.15792433419464505,-0.15937832674446362,1.0
-0.130452776688005,-0.5628761720423289,-0.2059020905821919,-0.34621023733666983,-0.38619460738483186,-1.1430269672296414,-0.057899542485867886,-0.24084919792682988,-0.3312057804897482,-0.4761876126869264,1.0
-0.024961044002802413,-0.6587690986358292,-0.2182759445480399,-0.40239745654393433,0.013264131758641691,0.5915612628391784,-0.048199618950566486,-0.24714733427753383,-0.3280165514168322,-0.5299854159601748,1.0
-0.1831986430306063,-0.5541586332611016,-0.2096142467719463,-0.3270251520537256,-0.09363327730792173,1.259612135230548,-0.070350190605807,-0.23770012975147792,-0.29718733704531075,-0.3566369387463744,1.0
0.18602242136760277,2.0611030011070883,0.69408955453382,0.31047992291704574,-0.03174530363780607,-1.1488870626014955,-0.02633859725160362,1.0164162710824467,1.0353788772547616,1.6159491812727333,1.0
-0.130452776688005,-0.7197918701044203,-0.23559934010022712,-0.4194979145635366,-0.5662323489706226,0.005551725653766504,-0.06586216628350336,-0.27627621489953963,-0.370539605722379,-0.5837832192334231,1.0
0.7134810847936157,2.1831485440442706,1.4356958688869774,0.013453110191802304,-0.8869245761703127,-1.8579586025958437,-0.05138466846962068,1.0644395607565644,1.637611633857068,3.205973144682075,1.0
-0.2359445093732076,-0.3449377025116464,-0.18527900063911187,-0.17657369378221566,-0.8756722173212007,-1.219208207063745,-0.07107406549650114,-0.23770012975147792,-0.3019711806546848,-0.3446818713523192,1.0
-0.07770691034540371,-0.39724293519901016,-0.16548083429375507,-0.2887526983908063,-0.1555212509780371,-0.6331986698783325,-0.0531219682072866,-0.18180416963898033,-0.25147505366684797,-0.3207717365642088,1.0
-0.28869037571580886,-0.5367235556986469,-0.2182759445480399,-0.26559379238711645,-0.34681135141294006,0.21065506366866024,-0.06991586567139052,-0.25423273767207577,-0.33280039502620623,-0.452277477898816,1.0
0.23876828771020406,-0.3100675473867372,-0.0801012419294038,-0.33073839436655356,-0.25679248062004456,-0.5628775254160836,-0.05456971798867487,-0.08182125507155508,-0.09732898180924088,0.002015083075281556,1.0
-0.024961044002802413,-0.5977463271672381,-0.2038397815878839,-0.37959684585113135,-0.38619460738483186,0.1461940145782655,-0.06238756680817152,-0.23848739679531591,-0.3035657951911428,-0.4403224105047608,1.0
-0.07770691034540371,3.8743510676023667,0.7439974321960737,1.4846136566934298,-1.3201403918611219,-1.6528552645809496,-0.07063974056208465,0.21891475567455868,0.8918635689735414,2.243590219460631,1.0
0.02778482233979888,0.8319300329540391,0.1725316098733264,0.0998022801155462,0.6659009450071336,0.573980976723616,-0.024890847470215357,0.4920964198863427,0.5607152835690957,0.6774763908394003,1.0
-0.07770691034540371,1.5467682130146778,0.24842458086386088,0.5183237755324398,-1.1513550091244429,-0.32261361517006454,-0.07150839043091761,0.02131072767122216,0.5383906800586836,1.1975218224808015,1.0
-0.024961044002802413,-0.711074331323193,-0.23064979851388792,-0.4219408371377654,1.7236226768236553,1.259612135230548,0.040257892692256735,-0.24557280018985786,-0.3514042312848829,-0.601715820324506,1.0
-0.28869037571580886,-0.6674866374170565,-0.23374326200534992,-0.3633106953562721,0.26081602643910407,0.8962862221755923,-0.0655726163272257,-0.26682901037348367,-0.3615034566824503,-0.54194048335423,1.0
-0.1831986430306063,-0.6151814047296926,-0.2197195608440555,-0.35959745304344415,0.46335848572311894,1.0838092740749243,-0.050516018600787714,-0.24084919792682988,-0.32535886052273555,-0.5060752811720644,1.0
-0.1831986430306063,-0.5715937108235561,-0.2125014793639775,-0.3363082578357954,-0.5662323489706226,-0.4515357133508553,-0.06673081615233632,-0.2526582035843998,-0.33067424231092885,-0.4702100789898988,1.0
-0.1831986430306063,-0.2926324698242826,-0.16630575789147825,-0.18742027001179196,-0.22303540407270872,0.03485220251303713,-0.06615171623978103,-0.18652777190200828,-0.22915045015643593,-0.17133339413851884,1.0
-0.024961044002802413,1.5031805191085412,0.2931766860403445,0.4053956080010855,-1.0669623177561036,-1.0492654412799753,-0.070350190605807,0.08114302300290971,0.4496238041958547,1.4186905692708227,1.0
-0.1831986430306063,-0.26647985348060066,-0.16197490900343145,-0.17344675288720268,0.5252464593932347,1.259612135230548,-0.05630701772634079,-0.13771721518405267,-0.17440201773804442,-0.14742325935040843,1.0
-0.130452776688005,-0.4844183230112832,-0.19105346582317428,-0.3095663987232365,0.05827356715508945,1.0896693694467783,-0.0634009916551433,-0.20699671504179615,-0.2536012063821253,-0.302839135473126,1.0
-0.130452776688005,-0.41467801276146476,-0.17785468825960307,-0.27699409773351796,-0.6168679637916263,-0.17025113550185725,-0.06484874143653158,-0.21959298774320404,-0.25891658817031865,-0.3387043376552916,1.0
0.02778482233979888,-0.031106306387463593,-0.05205383960681497,-0.19334842879192074,-0.20615686579904083,0.13447382383455725,-0.05818909244214554,-0.040883368791979374,0.012167883027542094,0.21720629616827514,1.0
-0.1831986430306063,-0.684921714979511,-0.23126849121218032,-0.39682759307469245,-0.0992594567324777,0.4977997368895124,-0.06832334091186343,-0.26682901037348367,-0.3583142276095343,-0.5299854159601748,1.0
-0.130452776688005,-0.6500515598546018,-0.2224005625366559,-0.386925613573818,0.03576884945686557,0.38059782945242987,-0.062821891742588,-0.2526582035843998,-0.33971039135085757,-0.4941202137780092,1.0
-0.130452776688005,-0.4757007842300559,-0.1894036186277279,-0.3054948610995217,-0.06550238018514189,0.7966646008540728,-0.06629649121791985,-0.2093585161733101,-0.2567904354550413,-0.272951466987988,1.0
-0.130452776688005,-0.22289215957446418,-0.14155804995978225,-0.18742027001179196,-0.6562512197635181,0.4684992600302417,-0.06644126619605867,-0.18652777190200828,-0.1584558723734644,-0.16535586044149123,1.0
-0.07770691034540371,-0.6151814047296926,-0.2118827866656851,-0.3792385505402444,0.09765682312698123,0.7439237425073857,-0.05818909244214554,-0.23612559566380192,-0.3110073296946135,-0.4582550115958436,1.0
-0.1831986430306063,-0.6587690986358292,-0.22693764232413352,-0.3828540759501032,-0.46496111932861545,-0.1761112308737114,-0.06745469104303047,-0.2660417433296457,-0.35459346035779893,-0.5299854159601748,1.0
-0.130452776688005,-0.6326164822921473,-0.2191008681457631,-0.37878253832638836,-0.4199516839321677,-0.7679808634309774,-0.057899542485867886,-0.2565945388035898,-0.3466203876755089,-0.5299854159601748,1.0
-0.07770691034540371,-0.1182816941997366,-0.10608633525768461,-0.1729581683723569,0.06389974657964542,0.9666073666378417,-0.05818909244214554,-0.08339578915923106,-0.048427469357862074,0.06776795374258515,1.0
-0.07770691034540371,-0.7023567925419657,-0.2304435676144571,-0.41542637693982176,-1.173859726822667,0.4626391646583876,-0.06644126619605867,-0.2778507489872156,-0.35671961307307626,-0.5897607529304507,1.0
-0.130452776688005,-0.6500515598546018,-0.2224005625366559,-0.386925613573818,0.8346863277438127,0.48021945077395,-0.054135393054258386,-0.23927466383915388,-0.3386473149932189,-0.4881426800809816,1.0
-0.2359445093732076,-0.43211309032391937,-0.19765285460495988,-0.23083914723108676,-0.830662781924753,-0.9613640107021635,-0.06933676575883521,-0.24636006723369583,-0.31472809694634885,-0.4164122757166504,1.0
0.08053068868240018,2.1134082337944524,0.574475632863956,0.4531791735530027,0.18767569391987676,-0.7386803865717068,-0.024890847470215357,0.973116583671357,1.0018919719891437,1.490420973635154,1.0
-0.024961044002802413,0.3175952448616284,0.012702662814456285,-0.03758768545908666,0.2326851293163242,0.28097620813090973,-0.051963768382175986,0.11814457406329544,0.16365626399105251,0.5340155821107379,1.0
-0.024961044002802413,-0.6413340210733746,-0.2141513265594239,-0.3958829963459906,0.3170778206846637,0.052432488628599505,0.01941029584026566,-0.23455106157612593,-0.3264219368803742,-0.5837832192334231,1.0
-0.28869037571580886,-0.6674866374170565,-0.23374326200534992,-0.3633106953562721,-0.172399789251705,-0.3636342827730434,-0.05818909244214554,-0.2707653455926737,-0.368944991185921,-0.5778056855363956,1.0
-0.28869037571580886,-0.6936392537607384,-0.23683672549681192,-0.3828540759501032,0.7390412775263612,0.32199687573388863,-0.05992639217981146,-0.26840354446115966,-0.3716026820800177,-0.5658506181423404,1.0
-0.2359445093732076,-0.6413340210733746,-0.2273501041229951,-0.36112835118996095,-0.49309201645139494,-1.4243115450786388,-0.05456971798867487,-0.26682901037348367,-0.3662873002918243,-0.571828151839368,1.0
-0.2359445093732076,-0.684921714979511,-0.2335370311059191,-0.3882936502153862,-0.20053068637448485,0.10517334697528663,-0.0655726163272257,-0.2707653455926737,-0.365755762113005,-0.5598730844453128,1.0
-0.130452776688005,1.093456196390858,0.10756887655262436,0.42738191116914553,0.1989280527689887,0.02313201176932888,-0.04791006899428883,0.2590653749102964,0.32737002306740765,0.7910495310829248,1.0
-0.4469279747436128,-0.3275026249491918,-0.22570025692754872,0.3988811478031418,-1.2638785976155624,-0.48669628558198,-0.05384584309798073,-0.27627621489953963,-0.3551249985366183,-0.601715820324506,1.0
-0.024961044002802413,-0.3536552412928737,-0.14609512974725986,-0.2883944030799194,1.0259764281787156,0.9255866990348629,-0.045593669344067604,-0.07552311872085112,-0.148356646975897,-0.11155805716824282,1.0
-0.1831986430306063,0.1781146243619916,-0.08835047790663579,0.06384245982289691,-0.8925507555948686,-0.9262034384710388,-0.07006064064952934,-0.1605479594553545,-0.137194345220691,0.06179042004555755,1.0
-0.1831986430306063,-0.6500515598546018,-0.2254940260281179,-0.37819623690857346,-1.0557099589069916,-1.025825059792559,-0.05080556855706537,-0.27312714672418764,-0.3599088421459923,-0.5957382866274784,1.0
-0.28869037571580886,-0.6500515598546018,-0.2316809530110419,-0.35028177496038465,-1.5508137482679167,-2.5670301425901925,-0.0697710906932517,-0.28257435125024355,-0.380107292941127,-0.6076933540215336,1.0
0.6607352184510145,1.3898525149525864,0.9339360905718407,-0.09537094741484732,2.2581097221564717,1.0134881296126748,0.14637795166801681,3.1829751757246068,2.5231542397700797,0.9763530756907803,1.0
0.34426002039540665,-0.1095641554185093,0.022807976886565492,-0.300478726747105,-0.30742809544104827,-0.14681075401444074,-0.04747574405987235,0.03548153446030605,0.13495320233480845,0.19927369507719234,1.0
-0.07770691034540371,2.4359571686998622,0.4377445465413355,0.8874656626489199,-0.22303540407270872,-0.8558822940087892,-0.05138466846962068,0.573184925401656,0.7339967298641988,1.8072302595776166,1.0
0.08053068868240018,0.335030322424083,0.06962239105735714,-0.1005499432722126,-0.16677360982714903,-0.28159294756708564,-0.04791006899428883,0.12129364223864741,0.2077739328330573,0.4323975092612687,1.0
-0.024961044002802413,-0.5192884781361924,-0.18527900063911187,-0.35028177496038465,-0.20053068637448485,0.8494054592007599,-0.06412486654583745,-0.2093585161733101,-0.2456281336998353,-0.302839135473126,1.0
-0.07770691034540371,-0.4669832454488286,-0.18032945905277267,-0.3177094739706661,1.363547193652073,0.8259650777133434,-0.04139519497804162,-0.1322063458771867,-0.23446583194462928,-0.2849065343820432,1.0
-0.07770691034540371,1.0760211188284035,0.148196363740492,0.3228899695941285,-0.9319340115667603,-0.0061684650899417465,-0.06962631571511287,0.01894892653970818,0.40497459717503054,1.0122182778729458,1.0
-0.49967384108621404,0.08222169776849131,-0.2267314114247027,2.7766591200525954,-0.9938219852368759,1.259612135230548,-0.07469343994997181,-0.27312714672418764,-0.34130500588731555,-0.5299854159601748,1.0
-0.024961044002802413,0.5704038695172201,0.07250962364938833,0.05687198741109713,-0.30742809544104827,-0.9027630569836222,-0.05181899340403716,0.09452656274815562,0.12591705329487976,0.4622851777464067,1.0
0.02778482233979888,-0.3275026249491918,-0.12918419599393424,-0.29402941115114073,-0.49871819587595095,-1.0551255366518295,-0.06036071711422795,-0.16212249354303046,-0.21001507571893988,-0.17133339413851884,1.0
-0.07770691034540371,1.4683103639836321,0.23171987800996607,0.4857514745427212,-1.1007193943034395,-1.1957678255763284,-0.07150839043091761,0.027608864021926114,0.32364925581567233,1.233387024662967,1.0
-0.2359445093732076,0.0560690814248094,-0.12835927239621103,0.07315813790595639,-0.5999894255179584,0.33371706647759686,-0.0681785659337246,-0.1692078969375724,-0.13613126886305232,-0.03982765280391164,1.0
-0.2359445093732076,-0.6587690986358292,-0.2298248749161647,-0.37200749972052694,0.13704007909887303,0.7029030749044067,-0.06730991606489163,-0.26210540811045574,-0.3535303840001603,-0.5120528148690919,1.0
-0.130452776688005,-0.5018534005737377,-0.1943531602140671,-0.3177094739706661,-0.009240585939582189,-0.5687376207879378,-0.054280168032397214,-0.2140821184363381,-0.3003765661182268,-0.41043474201962277,1.0
0.34426002039540665,-0.5890287883860108,-0.17001791408123265,-0.4058501204488445,0.22705894989176822,-0.16439104013000314,-0.024890847470215357,-0.16763336284989644,-0.24350198098455797,-0.4343448768077332,1.0
-0.07770691034540371,-0.4582657066676013,-0.17847338095789547,-0.3140939485608074,0.4239752297512272,0.6618824073014279,-0.05992639217981146,-0.1715696980690864,-0.2349973701234486,-0.21317613001771202,1.0
0.18602242136760277,0.5268161756110836,0.18593661833632844,-0.0990190451256958,-0.8081580642265291,-0.609758288390916,-0.03010274668321313,0.0835048241344237,0.3661723101212191,0.04385781895447475,1.0
-0.130452776688005,-0.5890287883860108,-0.2108516321685311,-0.3584248502078143,0.1651709762216529,-0.0061684650899417465,-0.06195324187375503,-0.23297652748844994,-0.3205750169133615,-0.422389809413678,1.0
-0.28869037571580886,-0.5105709393549651,-0.2151824810565779,-0.24605041179328532,-0.042997662486918005,1.1072496555623408,-0.06745469104303047,-0.24399826610218187,-0.31366502058871015,-0.422389809413678,1.0
-0.024961044002802413,1.9913626908572701,0.4086659897215926,0.5878004935435095,-1.3538974684084577,-1.6059745016061167,-0.07295614021230588,0.03154519924111608,0.4698222549909894,1.4186905692708227,1.0
0.7134810847936157,0.770907261485448,0.6338701319000264,-0.20640992148879786,0.6884056627053574,1.0779491787030702,0.02375354518443048,1.36438830445884,1.8071723129004358,0.9584204745996975,1.0
0.08053068868240018,-0.057258922731145495,-0.04174229463527496,-0.22269607198365712,-0.6506250403389621,-0.17025113550185725,-0.06470396645839276,-0.089693925509935,0.006320963060529412,0.22318382986530272,1.0
-0.07770691034540371,3.4907793612283657,0.6623299960214769,1.325367677154696,-1.6970944133063717,-2.707672431514691,-0.0697710906932517,-0.054266908537225274,0.3635146192271224,0.6296561212631795,1.0
0.02778482233979888,-0.3536552412928737,-0.13598981567515064,-0.3028890770203442,-0.14426889212892516,-0.6976597189687279,-0.027786347032991897,-0.14244081744708062,-0.2031050793942885,-0.3805470735344848,1.0
0.6607352184510145,2.453392246262317,1.5126199943746659,0.07739253703461978,3.2201864037555414,1.259612135230548,0.15361670057495816,6.03130734033047,4.141687994274954,2.2137025509754933,1.0
-0.28869037571580886,-0.7197918701044203,-0.23993018898827392,-0.40239745654393433,0.013264131758641691,-0.24643237533596088,-0.027352022098575415,-0.2778507489872156,-0.380107292941127,-0.6196484214155887,1.0
-0.07770691034540371,0.1083743141121732,-0.057828304790877375,-0.07885679081306003,-1.140102650275331,-1.3188298283852644,-0.06716514108675281,-0.16842062989373444,-0.12071666167729161,-0.06373778759202203,1.0
-0.130452776688005,-0.4669832454488286,-0.18775377143228147,-0.30142332347580686,0.5421249976669026,0.5857011674673243,-0.05920251728911733,-0.18259143668281833,-0.25838504999149936,-0.26099639959393284,1.0
0.34426002039540665,-0.5715937108235561,-0.16300606350058547,-0.40200658893205765,0.2158065910426563,0.1403339192064114,-0.01938939830093994,-0.1573988912800025,-0.21851968658004922,-0.4343448768077332,1.0
-0.1831986430306063,-0.684921714979511,-0.23126849121218032,-0.39682759307469245,-0.2455401217709326,0.8787059360600306,-0.06991586567139052,-0.26840354446115966,-0.3556565367154376,-0.5299854159601748,1.0
-0.130452776688005,-0.6326164822921473,-0.2191008681457631,-0.37878253832638836,0.4070966914775593,1.1306900370497572,-0.06586216628350336,-0.24084919792682988,-0.32323270780745816,-0.422389809413678,1.0
-0.1831986430306063,-0.684921714979511,-0.23126849121218032,-0.39682759307469245,-0.31868045429016023,0.34543725722130514,-0.07078451554022348,-0.2691908115049977,-0.35937730396717293,-0.5299854159601748,1.0
-0.130452776688005,-0.6151814047296926,-0.2158011737548703,-0.37063946307895873,0.33395635895833164,1.031068415728237,-0.06455919148025392,-0.23691286270763992,-0.31632271148280683,-0.4164122757166504,1.0
-0.024961044002802413,-0.6936392537607384,-0.2265251805252719,-0.41542637693982176,0.5139941005441226,-1.9048393655706768,0.5759253118059162,-0.2518709365405618,-0.3694765293647403,-0.631603488809644,1.0
-0.2359445093732076,-0.6151814047296926,-0.2236379479332407,-0.3448422006951017,-0.048623841911473974,-0.4339554272352929,-0.06716514108675281,-0.25580727175975176,-0.3508726931060636,-0.48216514638395397,1.0
-0.024961044002802413,0.5704038695172201,0.07250962364938833,0.05687198741109713,-0.23991394234637664,-0.8383020078932268,-0.04950259375381593,0.1102719036249155,0.13495320233480845,0.4443525766553239,1.0
-0.07770691034540371,0.1519620080183097,-0.048547914316491365,-0.06074659146277655,-0.9994481646614319,-0.26987275682337736,-0.070350190605807,-0.14322808449091862,-0.015472102271063316,0.16938602659205435,1.0
0.08053068868240018,-0.1531518493246458,-0.06896477336014058,-0.252564871991229,-0.49309201645139494,0.12861372846270314,-0.05891296733283968,-0.09677932890447696,-0.02344517495335334,0.037880285257447154,1.0
0.18602242136760277,0.8319300329540391,0.2869897590574205,-0.01758829265139945,-0.6449988609144062,-0.7855611495465398,-0.05717566759517375,0.2291492272444526,0.5027776220777882,1.0899262159343046,1.0
-0.1831986430306063,-0.449548167886374,-0.19229085121975908,-0.2711636558563583,-0.46496111932861545,-0.21713189847669026,-0.0655726163272257,-0.22825292522542198,-0.2881511880053821,-0.3685920061404296,1.0
-0.1831986430306063,-0.4582657066676013,-0.1937344675157747,-0.2758214948978881,-0.358063710262052,1.259612135230548,-0.06890244082441872,-0.225891124093908,-0.256258897276222,-0.3147942028671812,1.0
-0.024961044002802413,1.1980666617655857,0.22099587123956446,0.29139255453707064,-0.8081580642265291,1.0838092740749243,-0.06629649121791985,0.11342097180026747,0.7765197841697457,1.2214319572689118,1.0
-0.024961044002802413,-0.1793044656683277,-0.10484894986109981,-0.22324980110048234,-0.5155967341496188,-0.6156183837627701,-0.06325621667700447,-0.13771721518405267,-0.14463587972416167,-0.02189505171282884,1.0
-0.130452776688005,-0.7197918701044203,-0.23559934010022712,-0.4194979145635366,0.4352275886003391,-0.09992999103960776,-0.04472501947523464,-0.26840354446115966,-0.37107114390119833,-0.5897607529304507,1.0
-0.2359445093732076,-0.6151814047296926,-0.2236379479332407,-0.3448422006951017,-0.29617573659193636,0.5915612628391784,-0.06398009156769861,-0.2597436069789417,-0.3402419295296769,-0.5180303485661196,1.0
-0.024961044002802413,3.647695059290457,0.800504698640113,1.2066742123481615,-1.5114304922960249,-2.5904705240776087,-0.070350190605807,0.1102719036249155,0.5320122219128516,1.5860615127875954,1.0
-0.1831986430306063,-0.7285094088856475,-0.23848657269225831,-0.42008421598135154,-0.20053068637448485,-0.1350905632707325,-0.022429672841855302,-0.2770634819433776,-0.37691806386821103,-0.6196484214155887,1.0
-0.1831986430306063,-0.7459444864481022,-0.24137380528428953,-0.429399894064411,-0.66750357861263,0.42161849705540877,-0.06470396645839276,-0.28257435125024355,-0.3811703692987657,-0.6136708877185612,1.0
-0.07770691034540371,1.3549823598276771,0.20759086277656244,0.43868449961257794,-1.173859726822667,-1.0434053459081212,-0.06991586567139052,-0.010179954082297604,0.3172707976698403,0.8807125365383387,1.0
-0.07770691034540371,1.058586041265949,0.1444842075507376,0.3156263464734212,-0.841915140773865,-0.4573958087227094,-0.06861289086814108,0.03941786967949602,0.31992848856393696,1.0480834800551115,1.0
0.02778482233979888,0.021198926299900205,-0.038442600244382154,-0.17556395245153436,-0.042997662486918005,0.386457924824284,-0.056741342660757275,-0.0007327495562416756,0.06372708637301758,0.3128468353207167,1.0
0.23876828771020406,2.3226291645439074,0.8541247324921211,0.3250397414594499,0.1651709762216529,-0.2757328521952315,-0.01301929926283155,1.3864317816863039,1.7003331389577496,1.7534324563043682,1.0
0.13327655502500146,2.9067042628861364,0.8869154455016183,0.6118388516739215,-1.0163267029350997,-0.1350905632707325,-0.06629649121791985,0.5259489027713764,1.8337492218414027,3.140220274014771,1.0
-0.130452776688005,-0.6587690986358292,-0.2240504097321023,-0.3909971511975328,0.2889469235618839,0.005551725653766504,-0.062821891742588,-0.2510836694967238,-0.34715192585432825,-0.4881426800809816,1.0
-0.130452776688005,-0.41467801276146476,-0.17785468825960307,-0.27699409773351796,0.0020117729095297516,1.259612135230548,-0.06325621667700447,-0.19046410712119827,-0.21533045750713323,-0.2370862648058224,1.0
-0.1831986430306063,1.0237158861410396,0.05168030280687752,0.5151968346374268,-0.673129758037186,-0.08234970492404538,-0.07136361545277879,-0.003881817731593652,0.19980086015076728,1.0301508789640288,1.0
-0.2359445093732076,-0.6326164822921473,-0.2261127187264103,-0.35572134922566767,0.07515210542875736,0.9724674620096959,-0.06644126619605867,-0.25738180584742776,-0.34236808224495424,-0.4941202137780092,1.0
-0.024961044002802413,-0.5454410944798743,-0.19146592762203588,-0.3600534652573002,-0.13864271270436948,0.11103344234714076,-0.05558314283564666,-0.2148693854801761,-0.2785835007866341,-0.4044572083225952,1.0
-0.2359445093732076,0.0473515426435821,-0.12959665779279583,0.06771856364067341,-0.38619460738483186,0.7380636471355315,-0.06629649121791985,-0.15346255606081255,-0.11805897078319494,-0.01591751801580124,1.0
-0.28869037571580886,-0.4844183230112832,-0.2120890175651159,-0.2265070311994542,-1.2807571358892302,-1.119586585742225,-0.07179794038719527,-0.2691908115049977,-0.3402419295296769,-0.5240078822631472,1.0
-0.28869037571580886,-0.7023567925419657,-0.2378678799939659,-0.3893685361480469,0.4239752297512272,1.0017679388689664,-0.06933676575883521,-0.2723398796803497,-0.37107114390119833,-0.5538955507482852,1.0
-0.130452776688005,-0.6674866374170565,-0.22570025692754872,-0.3950686888212476,0.6827794832808015,0.7497838378792397,-0.05123989349148185,-0.24793460132137182,-0.34343115860259293,-0.5240078822631472,1.0
-0.130452776688005,0.0909392365497186,-0.08216355092371179,-0.040844915558058505,-0.6956344757354099,0.4567790692865335,-0.06716514108675281,-0.13378087996486268,-0.027165942205088684,0.10363315592475074,1.0
-0.2359445093732076,-0.6674866374170565,-0.2310622603127495,-0.3774145016848202,0.952836095659488,0.808384791597781,-0.051963768382175986,-0.2550200047159138,-0.3556565367154376,-0.54194048335423,1.0
-0.130452776688005,-0.5192884781361924,-0.19765285460495988,-0.32585254921809576,0.08077828485331333,1.1599905139090279,-0.062821891742588,-0.21565665252401406,-0.2684842753890667,-0.3446818713523192,1.0
-0.130452776688005,0.683731873673175,0.030026058366643498,0.2360196428545491,-0.2736710188937125,0.7263434563918233,-0.06455919148025392,0.050439608293227946,0.25561236892679745,0.8269147332650904,1.0
0.08053068868240018,-0.711074331323193,-0.2273501041229951,-0.426272953169398,-0.3749422485357199,1.259612135230548,-0.04805484397242766,-0.2652544762858077,-0.3428996204237736,-0.5778056855363956,1.0
-0.1831986430306063,-0.49313586179251045,-0.19950893269983708,-0.29445285106400704,-0.0992594567324777,1.1834308953964443,-0.06788901597744694,-0.224316590006232,-0.2727365808196214,-0.3207717365642088,1.0
-0.2359445093732076,-0.5280060169174197,-0.2112640939673927,-0.29057674724623056,-0.42557786335672365,0.7908045054822186,-0.06832334091186343,-0.24793460132137182,-0.30888117697933615,-0.4343448768077332,1.0
-0.024961044002802413,1.6775312947330874,0.33442286592650455,0.4705402099805226,-0.9994481646614319,-0.49255638095383414,-0.06933676575883521,0.1370389831154073,0.6569236939353953,1.621926714969761,1.0
-0.130452776688005,-0.6762041761982838,-0.2273501041229951,-0.3991402264449625,0.3283301795337757,0.527100213748783,-0.05297719322914777,-0.25580727175975176,-0.3492780785696056,-0.54194048335423,1.0
-0.130452776688005,-0.62389894351092,-0.2174510209503167,-0.37471100070267355,-1.0950932148788834,-1.916559556314385,-0.05384584309798073,-0.26840354446115966,-0.35884576578835364,-0.5778056855363956,1.0
-0.49967384108621404,-0.4233955515426921,-0.23869280359168912,0.8874656626489199,0.12016154082520512,1.259612135230548,-0.07454866497183298,-0.2754889478557016,-0.37213422025883697,-0.5479180170512575,1.0
0.13327655502500146,2.7846587199489545,0.8493814218052126,0.5767910558089846,-0.31868045429016023,-1.0727058227673918,-0.04617276925662291,1.0164162710824467,1.3069948866314418,2.6321299097674253,1.0
-0.1831986430306063,-0.684921714979511,-0.23126849121218032,-0.39682759307469245,-0.3918207868093878,-0.797281340290248,-0.06441441650211509,-0.26997807854883565,-0.36735037664946296,-0.5598730844453128,1.0
-0.07770691034540371,-0.1182816941997366,-0.10608633525768461,-0.1729581683723569,0.3789657943547794,0.9959078434971124,-0.055727917813785485,-0.053479641493387284,-0.04683285482140407,0.11558822331880594,1.0
0.13327655502500146,0.422205710236356,0.12282996311050358,-0.10224370292367795,-0.7687748082546373,-0.5159967624412507,-0.03415644607110028,0.04020513672333402,0.27102697611255816,0.007992616772309155,1.0
0.02778482233979888,-0.21417462079323688,-0.0996931773753298,-0.25552895138129345,-1.0725884971806596,-0.7211001004561444,-0.06615171623978103,-0.18810230598968428,-0.14250972700888434,-0.17731092783554642,1.0
-0.130452776688005,-0.5715937108235561,-0.2075519377776383,-0.35028177496038465,-0.25679248062004456,-0.5687376207879378,-0.05804431746400671,-0.23927466383915388,-0.3237642459862775,-0.4702100789898988,1.0
0.08053068868240018,-0.49313586179251045,-0.16548083429375507,-0.3584248502078143,0.1257877202497611,0.04657239325674538,-0.030971396552046088,-0.16605882876222045,-0.22702429744115857,-0.41043474201962277,1.0
-0.07770691034540371,-0.5803112496047835,-0.2044584742861763,-0.3647438765998197,-0.037371483062362036,0.2692560173872015,-0.062242791830032694,-0.22904019226925998,-0.3025027188335041,-0.4044572083225952,1.0
-0.07770691034540371,-0.7023567925419657,-0.2304435676144571,-0.41542637693982176,-0.26804483946915647,-2.2857455647411946,0.09816788394778748,-0.2676162774173217,-0.37691806386821103,-0.6256259551126163,1.0
0.29151415405280534,2.836963952636318,1.1222249017521613,0.39686166514177923,0.11453536140064914,-0.6449188606220407,-0.015190923934913959,1.7446382866325914,1.9873637555201904,2.3452082923101005,1.0
-0.024961044002802413,1.581638368139587,0.31173746698911653,0.4347106788918323,-0.6618773991880741,-0.1819713262455655,-0.062821891742588,0.24646910220888849,0.6925367519162907,1.5262861758173194,1.0
0.02778482233979888,0.3175952448616284,0.038687756142737104,-0.07488297009231437,-0.5381014518478427,-0.797281340290248,-0.05949206724539498,0.010288989057490242,0.08445707534697164,0.4383750429582963,1.0
-0.130452776688005,-0.7720971027917841,-0.24549842327290552,-0.4439271403058255,3.5521309898043434,1.259612135230548,0.02578039487837405,-0.2817870842064056,-0.38967498015987506,-0.631603488809644,1.0
-0.1831986430306063,-0.7459444864481022,-0.24137380528428953,-0.429399894064411,0.13704007909887303,-0.6214784791346243,-0.03690717065573799,-0.2794252830748916,-0.38382806019286236,-0.6196484214155887,1.0
-0.130452776688005,-0.4059604739802375,-0.17620484106415668,-0.2729225601098031,-0.16114743040259305,0.6267218350703031,-0.06354576663328214,-0.19597497642806422,-0.23074506469289394,-0.2550188658969052,1.0
0.08053068868240018,0.2391373958305827,0.04239991233249151,-0.1304187432797845,-0.6618773991880741,-0.8793226754962058,-0.06311144169886565,-0.010179954082297604,0.07967323173759762,0.4981503799285723,1.0
-0.1831986430306063,-0.6326164822921473,-0.22260679343608672,-0.36888055882551396,0.24393748816543614,0.12861372846270314,-0.052687643272870115,-0.24950913540904782,-0.3428996204237736,-0.5240078822631472,1.0
-0.07770691034540371,0.0909392365497186,-0.061540460980631775,-0.08608784163277754,-0.6843821168862979,-0.8676024847524975,-0.06354576663328214,-0.11331193682507483,-0.08935590912695086,0.08570055483366795,1.0
-0.07770691034540371,-0.5977463271672381,-0.2081706304759307,-0.37200749972052694,0.33958253838288766,-0.07648960955219125,-0.04660709419103939,-0.224316590006232,-0.31632271148280683,-0.4761876126869264,1.0
-0.130452776688005,0.0037638487374456056,-0.09866202287817581,-0.08156029179520669,-0.9094292938685365,-0.2757328521952315,-0.06774424099930812,-0.1707824310252484,-0.11168051263736292,-0.05776025389499444,1.0
-0.024961044002802413,-0.31878508616796447,-0.13784589377002784,-0.27536548268403205,-0.14426889212892516,0.15205410995011964,-0.06108459200492208,-0.1448026185785946,-0.16536586869811573,-0.09362545607716004,1.0
-0.07770691034540371,-0.4844183230112832,-0.18404161524252707,-0.3249405247903836,-0.17802596867626097,0.18721468218124374,-0.06383531658955979,-0.20699671504179615,-0.26104274088559604,-0.2968616017760984,1.0
-0.07770691034540371,3.6651301368529117,0.6994515579190209,1.3977759022548404,-1.2413738799173384,-1.4536120219379094,-0.07078451554022348,0.24804363629656448,0.9163143251992307,2.428893764068487,1.0
-0.1831986430306063,-0.6326164822921473,-0.22260679343608672,-0.36888055882551396,-0.7969057053774172,-1.2016279209481826,-0.050950343535204196,-0.26682901037348367,-0.3572511512518956,-0.5778056855363956,1.0
-0.130452776688005,-0.7197918701044203,-0.23559934010022712,-0.4194979145635366,-0.26804483946915647,-2.0865023220981547,-0.0031746007493913264,-0.2739144137680256,-0.3811703692987657,-0.6196484214155887,1.0
-0.130452776688005,-0.5367235556986469,-0.2009525489958527,-0.3339956244655254,0.39021815320389136,-1.6938759321839285,0.19371936951941326,-0.2109330502609861,-0.33492654774148356,-0.6076933540215336,1.0
-0.1831986430306063,-0.7633795640105567,-0.24426103787632072,-0.4386829998464808,1.5435849352378643,0.8435453638289058,-0.057465217551451404,-0.2809998171625676,-0.3870172892657784,-0.6136708877185612,1.0
-0.28869037571580886,-0.711074331323193,-0.23889903449111993,-0.3958829963459906,0.03576884945686557,-1.8169379349928652,0.12712287957555288,-0.27627621489953963,-0.38382806019286236,-0.631603488809644,1.0
-0.024961044002802413,-0.23160969835569148,-0.11722280382694782,-0.24279318169431346,-1.0388314206333238,-0.98480439218958,-0.0697710906932517,-0.19676224347190222,-0.18715893402970846,-0.14144572565338082,1.0
-0.28869037571580886,0.7621897227042207,-0.06463392447209378,0.7050607771064961,-0.8025318848019731,-1.6821557414402202,-0.06528306637094806,-0.1306318117895107,-0.15951894873110306,0.06179042004555755,1.0
-0.1831986430306063,-0.2926324698242826,-0.16630575789147825,-0.18742027001179196,-0.7969057053774172,-1.0727058227673918,-0.0719427153653341,-0.21801845365552805,-0.2684842753890667,-0.21317613001771202,1.0
-0.49967384108621404,-0.43211309032391937,-0.23889903449111993,0.8548933616592014,0.17642333507076483,1.259612135230548,-0.07454866497183298,-0.2754889478557016,-0.3726657584376563,-0.5479180170512575,1.0
0.6079893521084131,-0.1531518493246458,0.07952147423003554,-0.3413895367901915,0.5646297153651261,0.36887763870872164,0.03504599347925898,0.2968541930145201,0.31992848856393696,-0.12351312456229803,1.0
-0.130452776688005,1.4508752864211776,0.17521261156592682,0.594314953741453,-1.3764021861066815,-1.3012495422697028,-0.07179794038719527,-0.08890665846609702,0.21893623458826333,0.5579257168988483,1.0
-0.28869037571580886,0.0560690814248094,-0.14815743874156784,0.1773895010730557,-0.1498950715534811,-0.2757328521952315,-0.05920251728911733,-0.1589734253676785,-0.2057627702883852,-0.17731092783554642,1.0
-0.130452776688005,0.3175952448616284,-0.039267523842105356,0.06501506265852676,0.5646297153651261,1.031068415728237,-0.04848916890684414,0.0842920911782617,0.12113320968550574,0.3487120375028823,1.0
-0.024961044002802413,-0.2577623146993734,-0.12340973080987183,-0.252564871991229,-0.9319340115667603,-1.1137264903703707,-0.06919199078069638,-0.19203864120887426,-0.20416815575192718,-0.12949065825932563,1.0
-0.130452776688005,2.688765793355454,0.4094909133193158,1.1724732963089572,-0.5043443753005069,-0.7093799097124361,-0.06542784134908688,0.41022064732719127,0.7292128862548248,2.4767140336447078,1.0
-0.024961044002802413,0.5268161756110836,0.06219807867784832,0.04058583691623786,-0.6562512197635181,-1.172327444088912,-0.0600711671579503,0.009501722013652248,0.07276323541294627,0.4563076440493791,1.0
-0.07770691034540371,-0.4757007842300559,-0.18218553714764987,-0.3213249993805249,-0.037371483062362036,0.23409544515607675,-0.061518916939338565,-0.1983367775595782,-0.2557273590974027,-0.2908840680790708,1.0
-0.1831986430306063,-0.5454410944798743,-0.2081706304759307,-0.32236731301219584,0.007637952334085721,0.32785697110574274,-0.06412486654583745,-0.23297652748844994,-0.3094127151581555,-0.4044572083225952,1.0
-0.130452776688005,-0.1531518493246458,-0.12835927239621103,-0.1548479690220734,0.17079715564620884,0.15205410995011964,-0.057465217551451404,-0.10701380047437088,-0.14569895608180036,-0.02787258540985644,1.0
-0.1831986430306063,-0.684921714979511,-0.23126849121218032,-0.39682759307469245,-0.0992594567324777,0.8025246962259269,-0.06702036610861398,-0.26682901037348367,-0.35618807489425697,-0.5359629496572024,1.0
-0.07770691034540371,-0.4844183230112832,-0.18404161524252707,-0.3249405247903836,-0.014866765364138158,0.35715744796501336,-0.05558314283564666,-0.19991131164725418,-0.256258897276222,-0.3566369387463744,1.0
-0.49967384108621404,0.0473515426435821,-0.22755633502242592,2.6463699160937213,0.05827356715508945,1.259612135230548,-0.07512776488438828,-0.2597436069789417,-0.34343115860259293,-0.42836734311070557,1.0
-0.024961044002802413,-0.7197918701044203,-0.2327121075081959,-0.4251980672367373,-1.1907382650963347,-1.0844260135111001,-0.06730991606489163,-0.2794252830748916,-0.3716026820800177,-0.5957382866274784,-1.0
-0.4469279747436128,3.9005036839460487,-0.025656284479672546,8.297664137809889,1.2679021434346218,-0.7621207680591232,0.2178967908685973,0.21419115341153072,-0.020255945880437328,-0.4582550115958436,-1.0
0.02778482233979888,1.4160051312962683,0.32452378275382615,0.29820016544392175,-1.5564399276924727,-4.043774176297431,0.8329008980023339,-0.08733212437842103,-0.254664282739764,-0.6136708877185612,-1.0
-0.4469279747436128,0.2304198570493554,-0.1993027018004063,1.441194779474135,1.391678090774853,0.0993132516034325,0.168818073279535,-0.17550603328827638,-0.2950611843300334,-0.5897607529304507,-1.0
-0.49967384108621404,-0.684921714979511,-0.24487973057461312,-0.08970336704263632,3.040148662169751,1.259612135230548,0.054735390506139424,-0.2802125501187296,-0.388080365623417,-0.631603488809644,-1.0
-0.49967384108621404,-0.6936392537607384,-0.24508596147404393,-0.12227566803235486,2.426895104893151,1.259612135230548,-0.032129596377156705,-0.2817870842064056,-0.38861190380223637,-0.6256259551126163,-1.0
2.243111208729053,-0.362372780074101,0.2775031376836037,-0.41848817323285525,-1.1907382650963347,-3.0241175815948136,0.023463995228152817,0.026821596978088117,-0.029823633099185357,-0.332726803958264,-1.0
0.9772104165066222,-0.5018534005737377,-0.05576599579656937,-0.41207142993788076,0.6040129713370179,-0.3812145688886058,0.014922271517962033,0.059886812819283874,-0.03885978213911405,-0.272951466987988,-1.0
-0.2359445093732076,-0.4408306291051467,-0.19889024000154468,-0.23627872149636975,-0.9938219852368759,-3.4460444483683106,0.5614478139920335,-0.2526582035843998,-0.3694765293647403,-0.631603488809644,-1.0
0.08053068868240018,-0.7720971027917841,-0.24467349967518232,-0.4452951769473936,3.5521309898043434,1.259612135230548,0.0836903861339048,-0.2786380160310536,-0.3875488274445977,-0.631603488809644,-1.0
-0.4469279747436128,0.7534721839229934,-0.17455499386871026,2.4183638091656916,0.8965743014139284,-1.0551255366518295,0.3587628445976759,-0.14165355040324262,-0.2807096535019114,-0.601715820324506,-1.0
-0.4469279747436128,3.9005036839460487,-0.025656284479672546,8.297664137809889,0.8684434042911485,-1.2778091607822863,0.8139353758661475,0.15435885807984318,-0.0702205346894548,-0.5837832192334231,-1.0
1.3464314809048312,-0.362372780074101,0.10921872374807076,-0.40457980071024546,-1.2695047770401184,-2.0396215591233218,-0.03821014545898743,-0.09363026072912498,0.007384039418168082,-0.2251311974117672,-1.0
2.3486029414142555,-0.362372780074101,0.29730130402896054,-0.419563059165516,-1.2751309564646742,-2.4674085212686725,-0.028365446945547206,0.007139920882138265,0.11634936607613172,-0.11155805716824282,-1.0
1.3991773472474325,-0.7720971027917841,-0.23951772718941233,-0.44711922580281793,3.5521309898043434,1.259612135230548,0.445627831480972,-0.25895633993510375,-0.37426037297411435,-0.631603488809644,-1.0
-0.49967384108621404,-0.4582657066676013,-0.23951772718941233,0.7571764586900457,2.4887830785632667,1.259612135230548,-0.0031746007493913264,-0.2644672092419697,-0.37426037297411435,-0.6076933540215336,-1.0
-0.49967384108621404,-0.711074331323193,-0.24549842327290552,-0.18742027001179196,3.5521309898043434,1.259612135230548,0.02578039487837405,-0.2817870842064056,-0.38967498015987506,-0.631603488809644,-1.0
-0.4469279747436128,-0.5890287883860108,-0.23807411089339672,-0.08970336704263632,1.8924080595603336,0.4626391646583876,0.13436162848249422,-0.26367994219813173,-0.373728834795295,-0.6256259551126163,-1.0
-0.130452776688005,-0.7372269476668749,-0.23889903449111993,-0.4276409898109662,-0.5268490929987308,-1.963440319289218,-0.03690717065573799,-0.2794252830748916,-0.3843595983716817,-0.6196484214155887,-1.0
-0.49967384108621404,-0.3885253964177829,-0.2378678799939659,1.017754866607794,3.1751769683590942,1.259612135230548,0.213987866458849,-0.2550200047159138,-0.37000806754355964,-0.6256259551126163,-1.0
-0.4469279747436128,-0.6064638659484654,-0.23889903449111993,-0.12227566803235486,2.2862406192792517,0.38059782945242987,0.3587628445976759,-0.26367994219813173,-0.37585498751057234,-0.631603488809644,-1.0
-0.2359445093732076,-0.7197918701044203,-0.23848657269225831,-0.40998680267453874,-0.7350177317073017,-0.5570174300442295,0.054735390506139424,-0.2802125501187296,-0.378512678404669,-0.631603488809644,-1.0
-0.3941821084010115,-0.684921714979511,-0.24034265078713551,-0.3285560502002424,-0.0261191242132501,-0.6917996235968737,-0.04660709419103939,-0.2786380160310536,-0.3822334456564043,-0.6136708877185612,-1.0
-0.130452776688005,-0.7459444864481022,-0.24054888168656632,-0.431712527434681,0.39021815320389136,-1.119586585742225,0.011302897064491361,-0.2770634819433776,-0.38382806019286236,-0.6256259551126163,-1.0
-0.3941821084010115,4.0138316881020035,0.09313271359246836,5.523481262515561,-0.22303540407270872,-2.402947472178277,0.3030244780142275,0.1394007842469213,-0.06490515290126146,-0.5180303485661196,-1.0
